15722304582291,6a000000,84800000,1
15722304909160,60400000,81800000,1
15722305243438,7a400000,8e400000,1
15722306182543,84000000,95000000,1
15722306869031,73400000,8d400000,1
15722307375170,75000000,87a00000,1
15722307678958,62200000,82200000,1
15722308010885,62c00000,a1a00000,1
15722308468385,8d400000,a0e00000,1
15722309352498,64e00000,89e00000,1
15722309632824,8f000000,8fc00000,1
15722310427000,64c00000,a6800000,1
15722310883675,7c200000,92600000,1
15722311553334,7cc00000,aa000000,1
15722312266981,60600000,a4200000,1
15722312554671,5c600000,88600000,1
15722312875994,5e600000,80c00000,1
15722313238669,5e800000,80e00000,1
15722313603366,63800000,89a00000,1
15722313731908,64a00000,9ec00000,1
15722314275608,67600000,83c00000,1
15722314365962,69000000,a9200000,1
15722314871655,61600000,a1600000,1
15722314972116,65400000,83400000,1
15722315361955,7ec00000,ae600000,1
15722316070372,7ee00000,93200000,1
15722316898563,74c00000,8d800000,1
15722317475914,7a600000,ab200000,1
15722318506725,7d800000,9a000000,1
15722319293586,82200000,9ae00000,1
15722319760940,6cc00000,84e00000,1
15722320469978,78600000,91200000,1
15722321262846,78800000,91400000,1
15722322326014,83000000,aec00000,1
15722322767015,7ea00000,a8c00000,1
15722323679215,90000000,7e600000,1
15722324000196,6a400000,af000000,1
15722324558473,6e000000,9f800000,1
15722325120831,76600000,90200000,1
15722326069134,7b600000,ad200000,1
15722326876136,81600000,94200000,1
15722327841755,63e00000,82a00000,1
15722328541181,86c00000,95600000,1
15722329069909,66400000,83800000,1
15722329605291,6ae00000,a2400000,1
15722329741068,71600000,87000000,1
15722330165974,7f400000,93800000,1
15722330655244,8ec00000,9d400000,1
15722331450194,62e00000,a4600000,1
15722331926221,6aa00000,8b800000,1
15722332587825,6b000000,8bc00000,1
15722332734324,72400000,a3000000,1
15722333292638,73000000,a0000000,1
15722334145960,88000000,aa600000,1
15722335025926,66c00000,7f800000,1
15722335302547,6b400000,84a00000,1
15722336107234,6f000000,86000000,1
15722336202592,70200000,86600000,1
15722336720385,87c00000,9c200000,1
15722337646304,70600000,9fe00000,1
15722337959659,7de00000,92c00000,1
15722338698876,80400000,93c00000,1
15722339333733,84400000,b0400000,1
15722340100075,8b600000,8fa00000,1
15722340515076,6b200000,a2600000,1
15722340932733,7ce00000,ad400000,1
15722341357245,84e00000,aac00000,1
15722342166718,5c800000,7e800000,1
15722342575371,6a800000,8b600000,1
15722342938038,80c00000,93e00000,1
15722343821459,84a00000,97e00000,1
15722344729412,85000000,9b800000,1
15722345365933,89000000,8f400000,1
15722345781764,8a200000,8f800000,1
15722346881263,8d000000,a6400000,1
15722347316265,74600000,9da00000,1
15722347697301,62a00000,9d600000,1
15722347829896,66800000,8a600000,1
15722348218476,85400000,95200000,1
15722349045239,8c400000,a8000000,1
15722349565077,6d000000,85200000,1
15722350119453,74800000,a4e00000,1
15722350232105,85200000,aa400000,1
15722351137928,5e000000,7ee00000,1
15722351439286,5f000000,81000000,1
15722351579143,6ec00000,7fe00000,1
15722351734272,80800000,9a800000,1
15722352424254,5dc00000,98600000,1
15722352850735,62800000,98a00000,1
15722352965823,67200000,afe00000,1
15722353352449,72c00000,80200000,1
15722353805479,76800000,8da00000,1
15722354654762,7ca00000,a6200000,1
15722355442090,84800000,a0c00000,1
15722355847166,8e600000,a8600000,1
15722356778413,5ec00000,7f200000,1
15722357078886,65000000,83000000,1
15722357574722,6ce00000,85000000,1
15722357656774,85800000,9ba00000,1
15722358129172,87000000,95800000,1
15722359101194,8e800000,ac800000,1
15722359526557,88c00000,96000000,1
15722360248093,61000000,81a00000,1
15722360383593,61c00000,82000000,1
15722360752348,7c800000,a7000000,1
15722361495865,78000000,8de00000,1
15722362397924,67800000,87c00000,1
15722362547047,72200000,87200000,1
15722363018973,77c00000,a8800000,1
15722363438137,79000000,91800000,1
15722364314134,81200000,b0800000,1
15722365283493,8cc00000,97200000,1
15722365983694,65200000,83200000,1
15722366094970,68e00000,9f000000,1
15722366608947,6fc00000,9fa00000,1
15722367125389,70a00000,86800000,1
15722367571999,71000000,88400000,1
15722367693229,7f000000,93400000,1
15722368102857,68000000,b0600000,1
15722368649484,6bc00000,8c200000,1
15722369023440,70400000,9fc00000,1
15722369403670,72000000,8d200000,1
15722369515063,7b000000,91e00000,1
15722370354299,7b400000,92000000,1
15722371622077,7bc00000,92400000,1
15722372423145,5d200000,7ec00000,1
15722372556672,64000000,98e00000,1
15722373312803,69e00000,8b000000,1
15722373652979,73800000,a3400000,1
15722374172015,65800000,a2000000,1
15722374331424,67e00000,a5e00000,1
15722374787989,71400000,86e00000,1
15722375182118,78c00000,91600000,1
15722375585575,81800000,94400000,1
15722376028591,86e00000,8ec00000,1
15722376810465,8c200000,96e00000,1
15722377215596,72a00000,80000000,1
15722377642793,5f400000,89200000,1
15722377762981,67000000,a2200000,1
15722378473432,6c800000,ae000000,1
15722378887066,73a00000,a3600000,1
15722379191428,7f200000,93600000,1
15722380168247,82000000,b0a00000,1
15722380613989,82e00000,a7800000,1
15722381308801,89c00000,a9000000,1
15722381784892,77200000,90c00000,1
15722382478339,5e400000,7f000000,1
15722382674223,66600000,8a400000,1
15722383158911,6be00000,99000000,1
15722383269590,71c00000,a2e00000,1
15722383825001,8a400000,a5a00000,1
15722384594348,8aa00000,96600000,1
15722386775940,66200000,8a200000,1
15722386889766,83e00000,9b200000,1
15722387535446,8c000000,9d000000,1
15722387939617,8d800000,aaa00000,1
15722388791021,5da00000,88c00000,1
15722388911643,5fe00000,81400000,1
15722389274797,63c00000,a1e00000,1
15722389665976,6a200000,8b200000,1
15722389936000,72800000,a3200000,1
15722390412262,7e000000,a7400000,1
15722391391278,7f800000,ab800000,1
15722392202112,85c00000,98200000,1
15722392915385,86800000,af600000,1
15722393334461,8b000000,9ca00000,1
15722394143284,8b400000,96c00000,1
15722395037150,5ea00000,89000000,1
15722395574525,6c400000,8c400000,1
15722395855409,81e00000,aba00000,1
15722396263068,88a00000,9c600000,1
15722397447933,8ca00000,97000000,1
15722398929996,5ca00000,80400000,1
15722399228689,70000000,a2a00000,1
15722399410661,70800000,af200000,1
15722399861300,71e00000,8d000000,1
15722400308826,79400000,99800000,1
15722401130008,81000000,ad800000,1
15722401917975,64200000,82c00000,1
15722402052579,6d600000,85600000,1
15722402672174,77a00000,91000000,1
15722403557161,78400000,8e000000,1
15722404542930,79e00000,91c00000,1
15722405896737,7dc00000,a7200000,1
15722406784270,80600000,9a600000,1
15722407469088,8bc00000,ac200000,1
15722407869058,8c800000,a8200000,1
15722408950634,8da00000,ade00000,1
15722409376984,5d000000,7ea00000,1
15722410469257,66000000,83600000,1
15722410575378,69800000,84400000,1
15722411039257,76a00000,90400000,1
15722411763728,7e200000,92e00000,1
15722412617722,86400000,9be00000,1
15722413028005,8a000000,ac000000,1
15722413990045,8be00000,9ce00000,1
15722414555797,5f200000,9e400000,1
15722414685188,78a00000,99600000,1
15722415478623,7d000000,a5200000,1
15722416237479,80200000,9a400000,1
15722417359543,85e00000,a8e00000,1
15722417782542,87600000,95e00000,1
15722418797212,8a800000,b0200000,1
15722419761289,63000000,98c00000,1
15722420057012,5d600000,80800000,1
15722420286517,5f800000,89400000,1
15722420778619,69200000,84200000,1
15722421164565,5c000000,9dc00000,1
15722421808015,6e800000,85c00000,1
15722422335681,71200000,90000000,1
15722423049808,80000000,93a00000,1
15722424190437,60c00000,a4400000,1
15722424331105,6da00000,a2800000,1
15722424806585,74a00000,87600000,1
15722424907552,79200000,a9800000,1
15722425605979,6de00000,88200000,1
15722425694269,84200000,9b400000,1
15722426534779,68600000,b0000000,1
15722426624259,74000000,a0400000,1
15722427093415,74e00000,87800000,1
15722427496264,76000000,aae00000,1
15722427910397,77000000,90a00000,1
15722428329099,77600000,90e00000,1
15722429042187,83800000,94c00000,1
15722430353907,73200000,ace00000,1
15722430454395,79800000,99a00000,1
15722430857245,5d400000,88a00000,1
15722431426679,6b600000,a4c00000,1
15722431525152,7ac00000,ab400000,1
15722431952200,83200000,94a00000,1
15722432366253,88800000,8f200000,1
15722433067459,8a600000,a7e00000,1
15722433912572,8b200000,a3c00000,1
15722434698139,8ea00000,97600000,1
15722435101606,62400000,89800000,1
15722435208679,6c600000,84c00000,1
15722436004375,74200000,87400000,1
15722436172384,82600000,b0c00000,1
15722436858419,63400000,a1c00000,1
15722437436688,8ce00000,aee00000,1
15722437905366,8d200000,afc00000,1
15722438714310,8ee00000,97800000,1
15722439364006,5e200000,88e00000,1
15722439485699,77400000,99200000,1
15722440140168,87a00000,abe00000,1
15722440614616,87e00000,9c400000,1
15722441440444,5de00000,80a00000,1
15722441701175,61a00000,a3e00000,1
15722442369770,65600000,7f600000,1
15722442474349,68400000,83e00000,1
15722443012436,68c00000,84000000,1
15722443101597,7d400000,ad600000,1
15722443841873,85600000,ae800000,1
15722444647481,8e000000,ac600000,1
15722445057999,5ce00000,80600000,1
15722445238695,6ac00000,8ba00000,1
15722445754301,7c400000,99e00000,1
15722446938618,8e200000,97400000,1
15722447437373,5ee00000,9e200000,1
15722448054724,66e00000,8fe00000,1
15722448342588,67c00000,8aa00000,1
15722448904670,7ba00000,ab600000,1
15722450021854,7f600000,8e800000,1
15722450534391,82400000,94600000,1
15722450976997,86600000,95400000,1
15722451609865,61800000,81e00000,1
15722452291208,70e00000,86c00000,1
15722452410589,71800000,a2c00000,1
15722452904578,76e00000,90800000,1
15722453306388,78200000,99400000,1
15722453726523,84c00000,9b600000,1
15722454989832,60000000,81600000,1
15722455137664,60a00000,a1400000,1
15722455660131,67a00000,8a800000,1
15722456266703,6b800000,8be00000,1
15722456894626,6d800000,9f600000,1
15722456981717,74400000,a0600000,1
15722457426316,77e00000,8dc00000,1
15722458243082,82c00000,94800000,1
15722459010407,64400000,9ea00000,1
15722459132156,68800000,a4800000,1
15722459650805,6ea00000,8c800000,1
15722459777314,81c00000,9ac00000,1
15722460200129,63200000,82600000,1
15722460900933,69400000,a6000000,1
15722460984016,72600000,a4000000,1
15722461190261,72e00000,a6c00000,1
15722461700171,78e00000,a3800000,1
15722462170456,7a000000,8e200000,1
15722463210913,7aa00000,a9c00000,1
15722463624760,7b800000,92200000,1
15722464365851,81a00000,9aa00000,1
15722464812648,8ae00000,96a00000,1
15722465791450,8e400000,a5c00000,1
15722466835986,7e400000,a7600000,1
15722467592668,8b800000,aa800000,1
15722468025908,5c400000,9e000000,1
15722468147640,5cc00000,88800000,1
15722469189074,60800000,9e800000,1
15722469411588,61200000,89600000,1
15722469522690,61400000,81c00000,1
15722470133140,64800000,82e00000,1
15722470899128,66a00000,83a00000,1
15722471001808,6d400000,88000000,1
15722471499633,6e200000,85a00000,1
15722471603790,6fa00000,ae200000,1
15722471722787,71a00000,8ce00000,1
15722472203678,7d200000,92800000,1
15722473217635,82800000,ada00000,1
15722473694743,87800000,a5600000,1
15722474464430,7d600000,92a00000,1
15722475192079,83400000,abc00000,1
15722475656998,5d800000,a1000000,1
15722476173387,65c00000,acc00000,1
15722476304044,68a00000,8ae00000,1
15722476394814,69a00000,84600000,1
15722476964659,6ba00000,8c000000,1
15722477623938,6c000000,87e00000,1
15722478103539,6c200000,9f400000,1
15722478454884,76400000,a5000000,1
15722478872863,7e800000,93000000,1
15722479845939,88200000,8ee00000,1
15722480362634,8ba00000,9cc00000,1
15722481079671,5fc00000,a6600000,1
15722481516427,6f400000,9d800000,1
15722481656698,80a00000,8ea00000,1
15722482165255,86000000,9bc00000,1
15722482596507,87400000,95c00000,1
15722483305011,8c600000,ac400000,1
15722483951711,64600000,7f400000,1
15722484077727,69c00000,a4a00000,1
15722484343342,6ca00000,8c600000,1
15722485022938,73c00000,8d600000,1
15722485131684,76c00000,90600000,1
15722485870299,77800000,ab000000,1
15722486477947,79c00000,ae400000,1
15722487156106,7a800000,a9a00000,1
15722487562231,82a00000,9b000000,1
15722488854480,85a00000,98000000,1
15722489281061,89a00000,afa00000,1
15722490122409,65e00000,9ee00000,1
15722490253384,7fc00000,af400000,1
15722490667944,83a00000,94e00000,1
15722491357698,86200000,a7c00000,1
15722492238102,5f600000,81200000,1
15722492678135,65a00000,8a000000,1
15722493145041,6d200000,85400000,1
15722493267941,6dc00000,85800000,1
15722493362711,6e400000,7fc00000,1
15722494436559,7e600000,8e600000,1
15722495647639,80e00000,a0a00000,1
15722496355608,83c00000,aa200000,1
15722496783342,86a00000,9c000000,1
15722497277425,89400000,a5800000,1
15722498700383,8dc00000,9d200000,1
15722499414860,69600000,9f200000,1
15722499831022,6e600000,a6a00000,1
15722499973280,7fe00000,a5400000,1
15722500705518,5c200000,9de00000,1
15722500861910,62000000,a1800000,1
15722501279783,62600000,82400000,1
15722501737601,6a600000,8b400000,1
15722501891277,6f600000,8cc00000,1
15722502016564,6f800000,86200000,1
15722502558161,79600000,91a00000,1
15722502967110,87200000,95a00000,1
15722504288386,88400000,8f000000,1
15722504696200,70c00000,86a00000,1
15722505272070,7fa00000,9a200000,1
15722505679014,88600000,aea00000,1
15722506734928,61e00000,98800000,1
15722507143741,63a00000,89c00000,1
15722507548205,6fe00000,86400000,1
15722507762957,76200000,a9600000,1
15722508677888,7c600000,97a00000,1
15722509083452,83600000,a7a00000,1
15722509549162,84600000,97c00000,1
15722510351608,89600000,96400000,1
15722510779198,8ac00000,96800000,1
15722511215087,7da00000,a0800000,1
15722511930832,68200000,8ac00000,1
15722512088627,73e00000,a0200000,1
15722512637750,7be00000,a8a00000,1
15722513073021,7c000000,a9e00000,1
15722513925375,81400000,94000000,1
15722514793055,89800000,8f600000,1
15722515237777,89e00000,98400000,1
15722515891722,73600000,a6e00000,1
15722516010348,8de00000,a8400000,1
15722516928971,7b200000,99c00000,1
15722517444508,67400000,7fa00000,1
15722517540426,8d600000,adc00000,1
15722518480594,60200000,9e600000,1
15722518626424,6f200000,8ca00000,1
15722518750731,7a200000,a3a00000,1
15722519171952,89200000,9c800000,1
15722519584348,60e00000,aca00000,1
15722520002953,63600000,82800000,1
15722520362544,90200000,b1000000,1
15722520493010,5fa00000,a1200000,1
15722520686925,6ee00000,85e00000,1
15722521464442,7ae00000,af800000,1
15722522262352,79a00000,ad000000,1
15722522690623,88e00000,96200000,1
15722523527604,90400000,b1200000,1
15722523977027,90600000,b1400000,1
15722524521654,90800000,b1600000,1
15722524995299,90a00000,b1800000,1
15722525646368,90c00000,b1a00000,1
15722529037158,90e00000,b1c00000,1
15722538556929,91000000,b1e00000,1
15722539305313,91200000,b2000000,1
15722539984564,91400000,b2200000,1
15722540635247,91600000,b2400000,1
15722541277714,91800000,b2600000,1
15722541919005,91a00000,b2800000,1
15722542584162,91c00000,b2a00000,1
15722543229540,91e00000,b2c00000,1
15722543871566,92000000,b2e00000,1
15722544511942,92200000,b3000000,1
15722545169409,92400000,b3200000,1
15722545839995,92600000,b3400000,1
15722546505562,92800000,b3600000,1
15722547150280,92a00000,b3800000,1
15722547786807,92c00000,b3a00000,1
15722548419163,92e00000,b3c00000,1
15722549061792,93000000,b3e00000,1
15722549703241,93200000,b4000000,1
15722550369642,93400000,b4200000,1
15722551009883,93600000,b4400000,1
15722551642992,93800000,b4600000,1
15722552278843,93a00000,b4800000,1
15722552911541,93c00000,b4a00000,1
15722553552287,93e00000,b4c00000,1
15722554223000,94000000,b4e00000,1
15722554855702,94200000,b5000000,1
15722555516533,94400000,b5200000,1
15722556141476,94600000,b5400000,1
15722556777248,94800000,b5600000,1
15722557406059,94a00000,b5800000,1
15722558076997,94c00000,b5a00000,1
15722558732243,94e00000,b5c00000,1
15722559367672,95000000,b5e00000,1
15722560019878,95200000,b6000000,1
15722560659598,95400000,b6200000,1
15722561288192,95600000,b6400000,1
15722561913311,95800000,b6600000,1
15722562566797,95a00000,b6800000,1
15722563207482,95c00000,b6a00000,1
15722563845709,95e00000,b6c00000,1
15722564485618,96000000,b6e00000,1
15722565124214,96200000,b7000000,1
15722565765640,96400000,b7200000,1
15722566468078,96600000,b7400000,1
15722567111761,96800000,b7600000,1
15722567742528,96a00000,b7800000,1
15722568391267,96c00000,b7a00000,1
15722569022289,96e00000,b7c00000,1
15722569658568,97000000,b7e00000,1
15722570320039,97200000,b8000000,1
15722570955691,97400000,b8200000,1
15722571578832,97600000,b8400000,1
15722572214677,97800000,b8600000,1
15722572848848,97a00000,b8800000,1
15722573503429,97c00000,b8a00000,1
15722574192084,97e00000,b8c00000,1
15722574837434,98000000,b8e00000,1
15722575473442,98200000,b9000000,1
15722576134529,98400000,b9200000,1
15722576776552,98600000,b9400000,1
15722577425395,98800000,b9600000,1
15722578115340,98a00000,b9800000,1
15722578752298,98c00000,b9a00000,1
15722579381749,98e00000,b9c00000,1
15722580020509,99000000,b9e00000,1
15722580661419,99200000,ba000000,1
15722581311555,99400000,ba200000,1
15722581982527,99600000,ba400000,1
15722582642061,99800000,ba600000,1
15722583279363,99a00000,ba800000,1
15722583915874,99c00000,baa00000,1
15722584557089,99e00000,bac00000,1
15722585202081,9a000000,bae00000,1
15722585862374,9a200000,bb000000,1
15722586542041,9a400000,bb200000,1
15722587181961,9a600000,bb400000,1
15722587821877,9a800000,bb600000,1
15722588448589,9aa00000,bb800000,1
15722589078513,9ac00000,bba00000,1
15722589717633,9ae00000,bbc00000,1
15722590361507,9b000000,bbe00000,1
15722590992808,9b200000,bc000000,1
15722591637631,9b400000,bc200000,1
15722592256565,9b600000,bc400000,1
15722592884233,9b800000,bc600000,1
15722593519944,9ba00000,bc800000,1
15722594196069,9bc00000,84800000,1
15722594825265,60400000,8e400000,2
15722595137935,7a400000,95000000,2
15722595456057,6a000000,81800000,2
15722595747248,84000000,8d400000,2
15722596063479,75000000,82200000,2
15722596375491,8f000000,92600000,2
15722596706241,62c00000,a0e00000,2
15722597148957,9be00000,a6800000,1
15722598372738,62200000,a1a00000,2
15722598644117,73400000,87a00000,2
15722599051713,8d400000,89e00000,2
15722599363685,60600000,88600000,2
15722599681569,5e600000,80e00000,2
15722600215820,7cc00000,a4200000,2
15722600639458,5c600000,80c00000,2
15722601150731,64e00000,8fc00000,2
15722601612586,7c200000,aa000000,2
15722601930079,67600000,a1600000,2
15722602283981,63800000,83c00000,2
15722602591448,61600000,ae600000,2
15722602924449,64a00000,a9200000,2
15722603051842,64c00000,9ec00000,2
15722603433448,78600000,91400000,2
15722603821015,7ec00000,ab200000,2
15722604105298,82200000,91200000,2
15722604496899,69000000,83400000,2
15722604582293,65400000,93200000,2
15722604962180,76600000,ad200000,2
15722605075099,7a600000,9ae00000,2
15722605483201,7d800000,84e00000,2
15722605897938,6cc00000,aec00000,2
15722606236441,5e800000,89a00000,2
15722606690682,6a400000,9f800000,2
15722607077148,6e000000,90200000,2
15722607378150,7ea00000,af000000,2
15722607484721,7ee00000,8d800000,2
15722608002813,9c000000,82a00000,1
15722608332438,71600000,9d400000,2
15722608864018,7b600000,94200000,2
15722609540322,74c00000,9a000000,2
15722610068897,78800000,a8c00000,2
15722610597929,86c00000,87000000,2
15722611018207,81600000,83800000,2
15722611543543,8ec00000,a4600000,2
15722611950317,63e00000,95600000,2
15722612263147,62e00000,8b800000,2
15722612936312,73000000,aa600000,2
15722613621903,83000000,7e600000,2
15722614208723,6ae00000,93800000,2
15722614579307,6b000000,86000000,2
15722614932598,72400000,a0000000,2
15722615223874,7ce00000,7e800000,2
15722615714737,6b400000,86600000,2
15722616285608,88000000,7f800000,2
15722616654699,6f000000,9c200000,2
15722616932957,6aa00000,8bc00000,2
15722617238739,7de00000,93c00000,2
15722617371097,66c00000,84a00000,2
15722617847675,84400000,a2600000,2
15722618402721,70600000,92c00000,2
15722618735105,87c00000,9fe00000,2
15722619150710,8b600000,aac00000,2
15722619240076,66400000,a2400000,2
15722619648750,84e00000,97e00000,2
15722619755547,89000000,a6400000,2
15722620282325,6a800000,93e00000,2
15722620378026,7f400000,a3000000,2
15722620757041,6b200000,ad400000,2
15722620888959,70200000,b0400000,2
15722621334609,74800000,7fe00000,2
15722621778551,9c200000,9da00000,1
15722622468784,62a00000,a8000000,2
15722623532197,7ca00000,a8600000,2
15722623905132,5c800000,8b600000,2
15722624335727,8d000000,85200000,2
15722625206918,8a200000,8a600000,2
15722625573431,80400000,8fa00000,2
15722625943409,84a00000,8f400000,2
15722626937323,85200000,9a800000,2
15722627046821,85400000,aa400000,2
15722627475444,5e000000,81000000,2
15722627584075,62800000,8da00000,2
15722627951219,80800000,afe00000,2
15722628367425,66800000,95200000,2
15722628824050,84800000,95800000,2
15722629235744,5ec00000,85000000,2
15722629580346,6d000000,a4e00000,2
15722629706956,8c400000,7ee00000,2
15722630401651,5dc00000,80200000,2
15722630527156,80c00000,9b800000,2
15722630964270,65000000,9ba00000,2
15722631265648,68000000,8c200000,2
15722631365964,74600000,9d600000,2
15722632044594,5f000000,98600000,2
15722632359740,6ec00000,98a00000,2
15722632765821,78000000,91800000,2
15722633109443,79000000,9f000000,2
15722633237615,87000000,96000000,2
15722633990037,61c00000,a7000000,2
15722634375586,8e600000,7f200000,2
15722634796406,67200000,83000000,2
15722634909464,67800000,83200000,2
15722635542392,72200000,a8800000,2
15722635642018,76800000,a6200000,2
15722636144790,8e800000,82000000,2
15722636627592,65800000,94400000,2
15722637370119,7f000000,9fc00000,2
15722637467856,88c00000,81a00000,2
15722638014020,77c00000,b0800000,2
15722638121027,61000000,87c00000,2
15722638665911,72c00000,a0c00000,2
15722639088927,7b000000,92000000,2
15722639504173,85000000,8f800000,2
15722639968241,6bc00000,8d200000,2
15722640489175,7c800000,8de00000,2
15722640782526,8cc00000,9fa00000,2
15722641374132,65200000,88400000,2
15722641773520,71000000,91e00000,2
15722642199535,73800000,a5e00000,2
15722642537722,81200000,97200000,2
15722642645696,7b400000,98e00000,2
15722643188151,6fc00000,93400000,2
15722643302207,6ce00000,ac800000,2
15722643721006,70400000,7ec00000,2
15722644165532,5f400000,93600000,2
15722644273759,67e00000,86e00000,2
15722644748105,7bc00000,8b000000,2
15722645509249,71c00000,a5a00000,2
15722645662827,85800000,87200000,2
15722646703414,9c400000,a7800000,1
15722646790051,5d200000,a2000000,2
15722647484514,6c800000,a3600000,2
15722648054225,72000000,92400000,2
15722648381083,77200000,7f000000,2
15722648823551,8c200000,ae000000,2
15722648918471,81800000,96e00000,2
15722649555263,8d800000,81400000,2
15722650292638,86e00000,80000000,2
15722650783374,66200000,9d000000,2
15722650891135,8a400000,8a200000,2
15722651380425,78c00000,a2200000,2
15722651679928,69e00000,a3400000,2
15722652063611,64000000,91600000,2
15722652872290,71400000,8ec00000,2
15722653708585,83e00000,88c00000,2
15722653858242,73a00000,a9000000,2
15722654360069,82000000,96600000,2
15722654756422,85c00000,9ca00000,2
15722655396201,8b000000,8c400000,2
15722655499509,5e400000,99000000,2
15722655916248,6c400000,9c600000,2
15722656077661,5ca00000,a2a00000,2
15722656520760,6be00000,aaa00000,2
15722656936168,8c000000,a3200000,2
15722657623228,5ea00000,8e000000,2
15722658028322,67000000,a2e00000,2
15722658195094,5fe00000,a1e00000,2
15722658629954,68e00000,86800000,2
15722659171863,7f800000,98200000,2
15722659802815,82e00000,90c00000,2
15722659921645,72a00000,89200000,2
15722660476512,81000000,85600000,2
15722660620642,63c00000,a7400000,2
15722661090851,64200000,91000000,2
15722661593693,89c00000,8a400000,2
15722661718782,86800000,96c00000,2
15722662183705,5da00000,8b200000,2
15722662483232,70a00000,b0600000,2
15722662608083,81e00000,97000000,2
15722663053597,8b400000,89000000,2
15722663443061,66600000,b0e00000,2
15722663777281,88a00000,af200000,2
15722664336561,71e00000,99800000,2
15722664632624,7f200000,b0a00000,2
15722664790589,8ca00000,80400000,2
15722665453261,66000000,90400000,2
15722666235799,77a00000,ade00000,2
15722666954369,86400000,9e400000,2
15722667381672,70800000,ad800000,2
15722667668490,8be00000,95e00000,2
15722668244860,6a200000,aba00000,2
15722668544141,79400000,82c00000,2
15722669006745,7e200000,ac000000,2
15722669395698,8aa00000,a9400000,2
15722669992845,72800000,af600000,2
15722670337918,80600000,a8200000,2
15722670965427,69800000,9ce00000,2
15722671360942,78a00000,9a400000,2
15722671749444,70000000,8d000000,2
15722672262262,5d000000,92e00000,2
15722672699312,8c800000,83600000,2
15722673066255,6d600000,a7200000,2
15722673252469,79e00000,9a600000,2
15722674051574,5c000000,a4400000,2
15722674465214,7e000000,ab800000,2
15722675324390,80200000,b0200000,2
15722676413966,9c600000,90000000,1
15722677195103,8bc00000,7ea00000,2
15722677896096,76000000,ace00000,2
15722678401114,5f200000,a5200000,2
15722678731515,80000000,a2800000,2
15722679096353,5f800000,9dc00000,2
15722679266914,8a800000,89400000,2
15722679727342,76a00000,9be00000,2
15722680186552,6e800000,93a00000,2
15722680491227,87600000,a0400000,2
15722680878881,74e00000,90e00000,2
15722681419247,8da00000,84400000,2
15722682130936,8a000000,99600000,2
15722682536952,60c00000,88200000,2
15722682858245,6b600000,a7e00000,2
15722682946355,63000000,80800000,2
15722683463042,71200000,a9800000,2
15722683942276,5d600000,84200000,2
15722684058947,7dc00000,ac200000,2
15722684158932,8b200000,84c00000,2
15722684681771,78400000,91c00000,2
15722684841232,68600000,aae00000,2
15722685191722,85e00000,98c00000,2
15722685569093,67c00000,ab600000,2
15722686109790,6da00000,87600000,2
15722686487614,7d000000,a8e00000,2
15722687004594,74a00000,9b400000,2
15722687327354,5d400000,a4c00000,2
15722687448172,85600000,8ba00000,2
15722688030921,79200000,87800000,2
15722688463018,82600000,88e00000,2
15722688563773,83800000,8f200000,2
15722688997213,8ee00000,a3e00000,2
15722689157992,77400000,9c400000,2
15722689887229,8a600000,afc00000,2
15722690031470,8ea00000,b0c00000,2
15722690489806,68400000,80600000,2
15722690647883,6ac00000,99e00000,2
15722691096764,5ce00000,97400000,2
15722691422908,61a00000,84000000,2
15722691827449,84200000,b0000000,2
15722691926210,8ce00000,97800000,2
15722692494449,73200000,ab400000,2
15722693048067,88800000,89800000,2
15722693183084,5de00000,ae800000,2
15722693304586,69200000,85c00000,2
15722694124183,6c600000,87400000,2
15722694394083,74000000,90a00000,2
15722694503517,74200000,aee00000,2
15722694982672,86600000,a2c00000,2
15722695075830,65600000,ad600000,2
15722695518118,76e00000,8a800000,2
15722695952302,77600000,88a00000,2
15722696069151,6de00000,94c00000,2
15722696550559,70e00000,90800000,2
15722696675377,87a00000,7f600000,2
15722697318573,72e00000,9aa00000,2
15722697661369,82400000,86c00000,2
15722698318758,87e00000,83e00000,2
15722698463735,8e000000,8fe00000,2
15722698889615,63200000,a4000000,2
15722699030697,8d200000,99200000,2
15722699707308,83200000,97600000,2
15722699928536,5cc00000,9e800000,2
15722700529470,63400000,80a00000,2
15722701168669,77000000,99a00000,2
15722701685047,7f600000,9b600000,2
15722701803777,6ea00000,8e200000,2
15722702273176,7ba00000,99400000,2
15722702798369,8e200000,95400000,2
15722703228847,7d400000,94600000,2
15722703321652,8ae00000,9e000000,2
15722703447317,79800000,94a00000,2
15722704265262,62400000,ac600000,2
15722704746751,6d800000,94800000,2
15722704918468,64800000,88000000,2
15722705477205,6b800000,a0600000,2
15722705555872,7c400000,9e200000,2
15722705650035,77e00000,82600000,2
15722706304616,84c00000,a1400000,2
15722706733019,71800000,81600000,2
15722707092713,60a00000,8dc00000,2
15722707190873,66e00000,8e800000,2
15722707314748,74400000,92200000,2
15722707890057,7aa00000,89600000,2
15722707984413,68c00000,8aa00000,2
15722708456758,69400000,a3800000,2
15722708597302,9c800000,82e00000,1
15722709068242,8e400000,88800000,2
15722709169311,60000000,8be00000,2
15722709761885,61800000,a6000000,2
15722710521402,7a000000,a5c00000,2
15722710944142,66a00000,ae200000,2
15722711368517,7b800000,aa800000,2
15722711929165,7d200000,92a00000,2
15722712037480,71a00000,acc00000,2
15722712132120,7e400000,81c00000,2
15722712898748,7ac00000,a3c00000,2
15722714019316,82c00000,a4800000,2
15722714764689,65c00000,9d800000,2
15722715338442,68a00000,a5000000,2
15722715982473,6e200000,a5600000,2
15722716534371,8ba00000,95c00000,2
15722716946689,83400000,9bc00000,2
15722717142626,7e800000,9cc00000,2
15722717618610,5c400000,85a00000,2
15722717739607,5e200000,abe00000,2
15722718310525,5ee00000,81e00000,2
15722718725691,5f600000,85400000,2
15722719153461,6c000000,a6600000,2
15722719239570,60800000,83a00000,2
15722719882487,87800000,84600000,2
15722720528363,67a00000,9f600000,2
15722720815772,6fa00000,abc00000,2
15722721030773,72600000,a9c00000,2
15722721574134,76400000,8ea00000,2
15722722207967,68800000,9ac00000,2
15722722296721,69a00000,8c000000,2
15722722914843,78200000,9ea00000,2
15722723778449,80a00000,8a000000,2
15722723920869,81c00000,a6c00000,2
15722724447129,61400000,92800000,2
15722724946398,86000000,90600000,2
15722725067092,85a00000,af400000,2
15722725418491,88200000,ae400000,2
15722725603203,78e00000,96a00000,2
15722725691887,82800000,a1000000,2
15722726713203,69c00000,ab000000,2
15722726813522,6ba00000,87e00000,2
15722726890336,7a800000,7fc00000,2
15722727462920,8b800000,8ce00000,2
15722727554826,6ca00000,85800000,2
15722727728674,6d400000,9f400000,2
15722728316810,87400000,ac400000,2
15722728710275,61200000,ada00000,2
15722729101768,65e00000,a7c00000,2
15722729771469,86a00000,86200000,2
15722730193299,64600000,8d600000,2
15722730781921,7fc00000,81200000,2
15722730912183,7fe00000,9de00000,2
15722731008020,8c600000,8c600000,2
15722731505633,6e400000,9c000000,2
15722731695441,76c00000,9b000000,2
15722732238670,82a00000,afa00000,2
15722732330153,6d200000,aa200000,2
15722732783963,7e600000,8cc00000,2
15722733415234,69600000,8b400000,2
15722733916910,83a00000,9d200000,2
15722734059690,83c00000,9f200000,2
15722735366120,7d600000,8ae00000,2
15722735519619,89a00000,94e00000,2
15722736066753,64400000,8c800000,2
15722736764747,87200000,98800000,2
15722736873898,6c200000,93000000,2
15722737450368,81a00000,a7600000,2
15722737921789,62000000,9a200000,2
15722738079164,70c00000,86400000,2
15722738558339,62600000,95a00000,2
15722739506555,65a00000,a0a00000,2
15722740073684,7c000000,8f600000,2
15722740163595,88400000,a9600000,2
15722741069242,5d800000,8ee00000,2
15722741568734,73c00000,a9a00000,2
15722741754072,7c600000,96800000,2
15722742429761,5fc00000,7f400000,2
15722742824164,7fa00000,89c00000,2
15722742981239,83600000,a0800000,2
15722743486243,73e00000,94000000,2
15722743885757,77800000,9ee00000,2
15722744277917,79c00000,98000000,2
15722744744475,86200000,a5800000,2
15722744835968,68200000,a6e00000,2
15722744922170,6e600000,82400000,2
15722745011620,6f400000,a4a00000,2
15722745787496,8de00000,adc00000,2
15722745924714,61e00000,8ac00000,2
15722746576242,79600000,86a00000,2
15722747110096,7be00000,a8400000,2
15722747590647,88600000,97c00000,2
15722747892128,6ee00000,96200000,2
15722748506668,60200000,b1000000,2
15722748619493,80e00000,a6a00000,2
15722748763168,88e00000,b1200000,2
15722748900615,8ac00000,98400000,2
15722749631787,81400000,8ca00000,2
15722749998604,8dc00000,a1800000,2
15722750206468,cyclic_thrashing_detected,497
15722750207606,6f800000,97a00000,2
15722750615780,8c200000,81400000,3
15722750745127,64000000,8ec00000,3
15722750848947,8a400000,a2200000,3
15722750983671,6c400000,aaa00000,3
15722751589121,72000000,ae000000,3
15722751696049,71c00000,a7800000,3
15722751824807,82000000,8c400000,3
15722752357253,8d800000,80000000,3
15722752478070,5fe00000,86800000,3
15722753059163,81800000,9d000000,3
15722753253741,85c00000,99000000,3
15722753753930,8c000000,a1e00000,3
15722754028436,8b000000,a2a00000,3
15722754478103,5e400000,9c600000,3
15722754823342,6be00000,a3200000,3
15722754932698,81e00000,af200000,3
15722755034923,73a00000,9ca00000,3
15722755572824,88a00000,80400000,3
15722755850747,72a00000,85600000,3
15722755949368,68e00000,90c00000,3
15722756078131,82e00000,a7400000,3
15722756210222,a8600000,8b200000,1
15722757034124,66200000,91600000,3
15722757420198,78c00000,a3400000,3
15722757763119,5ea00000,a2e00000,3
15722757903434,69e00000,88c00000,3
15722758454350,7f800000,89200000,3
15722758558626,70a00000,89000000,3
15722759004021,83e00000,96600000,3
15722759576137,8ca00000,ad800000,3
15722760010727,8aa00000,af600000,3
15722760159026,5da00000,b0600000,3
15722760611509,67000000,98200000,3
15722760777642,86800000,97000000,3
15722761268047,77a00000,9e400000,3
15722761366358,64200000,8a400000,3
15722762088799,71400000,a9000000,3
15722762488633,71e00000,90400000,3
15722762661407,81000000,96c00000,3
15722763188334,8be00000,aba00000,3
15722763975671,78a00000,8d000000,3
15722764724033,89c00000,b0e00000,3
15722765409162,5ca00000,8e000000,3
15722765558690,8b400000,99800000,3
15722767370701,7f200000,ade00000,3
15722768330886,79400000,ac000000,3
15722768692643,63c00000,91000000,3
15722768880678,66600000,b0a00000,3
15722769345916,7e200000,9a400000,3
15722769699969,66000000,a9400000,3
15722770548624,6d600000,b0200000,3
15722771221499,69800000,83600000,3
15722771309091,6a200000,82c00000,3
15722772746630,80600000,9ce00000,3
15722773490607,72800000,a8200000,3
15722774003643,5c000000,ab800000,3
15722775116223,70000000,92e00000,3
15722775477407,8c800000,9a600000,3
15722776080353,70800000,95e00000,3
15722776180963,86400000,9b200000,3
15722776694460,76000000,9dc00000,3
15722777169528,5f800000,9be00000,3
15722777271011,5d000000,a7200000,3
15722777777979,a8800000,a5200000,1
15722778739434,79e00000,a4400000,3
15722778867078,7e000000,90000000,3
15722779592873,87600000,84400000,3
15722779688190,8da00000,88200000,3
15722781308119,76a00000,90e00000,3
15722781674878,78400000,98c00000,3
15722782028785,8bc00000,ace00000,3
15722782131346,80200000,7ea00000,3
15722782668467,67c00000,87600000,3
15722783029659,5f200000,a2800000,3
15722783707989,6e800000,80800000,3
15722783828062,8a000000,a9800000,3
15722784195550,8a800000,93a00000,3
15722784662200,71200000,84c00000,3
15722785209728,5d400000,a3e00000,3
15722785348273,63000000,84200000,3
15722786104210,74a00000,a4c00000,3
15722786240963,7dc00000,9b400000,3
15722786962599,60c00000,a7e00000,3
15722787095270,8b200000,aae00000,3
15722787699008,68600000,ab600000,3
15722788115797,6b600000,ac200000,3
15722788697958,74e00000,99600000,3
15722788806188,77400000,80600000,3
15722789429232,82600000,afc00000,3
15722789952980,6ac00000,97800000,3
15722790064803,85600000,8f200000,3
15722790553159,83800000,9c400000,3
15722790643779,88800000,87400000,3
15722791289032,7d000000,8ba00000,3
15722791726312,8ea00000,99e00000,3
15722791876014,84200000,ae800000,3
15722792436565,5d600000,91c00000,3
15722792551698,68400000,84000000,3
15722793039440,74200000,ad600000,3
15722793310013,8ee00000,b0c00000,3
15722793409335,77000000,9b600000,3
15722793887349,69200000,8a800000,3
15722794013738,77600000,7f600000,3
15722794138792,82400000,83e00000,3
15722794656862,79200000,88e00000,3
15722794758290,5ce00000,ab400000,3
15722795390068,8ce00000,85c00000,3
15722795568153,6da00000,a8e00000,3
15722796063463,a8a00000,8fe00000,1
15722796351533,65600000,90800000,3
15722796447865,83200000,99a00000,3
15722796924197,6c600000,aee00000,3
15722797290007,74000000,a2c00000,3
15722797435724,85e00000,87800000,3
15722797538273,7f600000,9e000000,3
15722798130576,6d800000,82600000,3
15722798299757,72e00000,97600000,3
15722798650513,80000000,a0400000,3
15722798743617,86600000,94c00000,3
15722799266061,61a00000,b0000000,3
15722799370672,6de00000,86c00000,3
15722799786141,5de00000,90a00000,3
15722800490201,60a00000,89600000,3
15722801121587,76e00000,88a00000,3
15722801316553,87e00000,99200000,3
15722801843316,7aa00000,8be00000,3
15722802033566,8e000000,8e200000,3
15722802481892,63200000,80a00000,3
15722802585523,63400000,a0600000,3
15722802764983,84c00000,82e00000,3
15722803310966,5cc00000,95400000,3
15722803458492,7ac00000,9d800000,3
15722803894160,87a00000,9aa00000,3
15722804052369,79800000,ac600000,3
15722804797570,7d400000,a1400000,3
15722805315212,62400000,94800000,3
15722805701138,6b800000,8dc00000,3
15722806204689,8ae00000,88000000,3
15722807553926,8a600000,97400000,3
15722808417709,64800000,9e200000,3
15722808559049,69400000,88800000,3
15722808752285,77e00000,92200000,3
15722809416699,7c400000,81600000,3
15722809726318,66e00000,a3800000,3
15722810783312,6ea00000,99400000,3
15722811563542,61800000,aa800000,3
15722812483626,65c00000,a5000000,3
15722813082299,7ba00000,94600000,3
15722813621599,60000000,ae200000,3
15722813970604,7b800000,81c00000,3
15722814637440,7e400000,a4800000,3
15722815025305,73200000,89800000,3
15722815386370,7a000000,acc00000,3
15722816158093,70e00000,a4000000,3
15722816269583,7d200000,a3c00000,3
15722816882299,68c00000,a6000000,3
15722817620232,83400000,81e00000,3
15722818008304,8e200000,94a00000,3
15722818417427,71a00000,95c00000,3
15722818526386,8ba00000,9cc00000,3
15722818666072,8d200000,9e800000,3
15722819128698,74400000,8aa00000,3
15722819451564,8e400000,a5c00000,3
15722819572033,5e200000,83a00000,3
15722819688476,71800000,8e800000,3
15722820153477,82c00000,a5600000,3
15722820280294,5ee00000,85400000,3
15722820425807,6e200000,85a00000,3
15722820922049,72600000,9ac00000,3
15722821286098,85a00000,a1000000,3
15722821434930,5f600000,abc00000,3
15722821877292,78e00000,ab000000,3
15722822044727,87800000,a9c00000,3
15722822471704,66a00000,92a00000,3
15722822592641,8b800000,ac400000,3
15722822712959,a8c00000,af400000,1
15722823741757,6c000000,9f600000,3
15722823821188,68800000,92800000,3
15722824274804,6ba00000,85800000,3
15722824745276,5c400000,a6600000,3
15722824885621,68a00000,9bc00000,3
15722825333564,69a00000,9ea00000,3
15722826026421,78200000,a6c00000,3
15722826521392,7e800000,abe00000,3
15722826650481,76400000,8c000000,3
15722827191497,67a00000,8ea00000,3
15722827289676,7fc00000,afa00000,3
