16602618967222,53e00000,19400000,1
16602619847614,59e00000,19800000,1
16602620124513,50000000,19000000,1
16602621182808,56000000,19200000,1
16602621492990,54000000,19600000,1
16602622539784,5a000000,19a00000,1
16602622845367,50200000,19c00000,1
16602623895887,56200000,19e00000,1
16602624207191,54200000,1a000000,1
16602625269564,5a200000,1a200000,1
16602625577431,50400000,1a400000,1
16602626626960,56400000,1a600000,1
16602626935269,54400000,1a800000,1
16602627984286,5a400000,1aa00000,1
16602628294388,50600000,1ac00000,1
16602629344177,56600000,1b000000,1
16602629652225,54600000,1b200000,1
16602630702285,5a600000,1b400000,1
16602631008820,50800000,1b600000,1
16602632064690,56800000,1b800000,1
16602632374682,54800000,1ba00000,1
16602633434971,5a800000,1bc00000,1
16602634795853,50a00000,1be00000,1
16602635115042,56a00000,1c000000,1
16602636169931,50c00000,1c400000,1
16602636479051,56c00000,1c600000,1
16602637432158,50e00000,1c800000,1
16602637644737,56e00000,1ca00000,1
