16606742252891,75e00000,19400000,1
16606742532586,7be00000,19800000,1
16606743964482,72000000,19000000,1
16606744277760,78000000,19200000,1
16606744766336,76000000,19600000,1
16606745083481,7c000000,19a00000,1
16606746668975,72200000,19c00000,1
16606746985419,78200000,19e00000,1
16606747483302,76200000,1a000000,1
16606747808512,7c200000,1a200000,1
16606749329706,72400000,1a400000,1
16606749644106,78400000,1a600000,1
16606750133774,76400000,1a800000,1
16606750445830,7c400000,1aa00000,1
16606752036834,72600000,1ac00000,1
16606752357425,78600000,1b000000,1
16606752814082,76600000,1b200000,1
16606754150749,7c600000,1b400000,1
16606754464688,72800000,1b600000,1
16606755547008,78800000,1b800000,1
16606755871697,76800000,1ba00000,1
16606756938699,7c800000,1bc00000,1
16606757265752,72a00000,1be00000,1
16606758401072,78a00000,1c000000,1
16606758738294,76a00000,1c200000,1
16606759795918,7ca00000,1c400000,1
16606760115388,72c00000,1c600000,1
16606761174174,78c00000,1c800000,1
16606761491198,76c00000,1ca00000,1
16606762530718,7cc00000,1cc00000,1
16606762852091,72e00000,1ce00000,1
16606763918782,78e00000,1d000000,1
16606764240465,76e00000,1d200000,1
16606765302948,7ce00000,1d400000,1
16606765617639,73000000,1d600000,1
16606766681364,79000000,1d800000,1
16606767008457,77000000,1da00000,1
16606768076240,7d000000,1dc00000,1
16606768389658,73200000,1de00000,1
16606769786559,79200000,1e000000,1
16606770404618,77200000,1e200000,1
16606771955557,7d200000,1e400000,1
16606772559470,73400000,72c00000,1
16606774073009,79400000,72e00000,1
16606774691629,77400000,73000000,1
16606776045579,7d400000,73200000,1
16606776365028,73600000,73400000,1
16606777331441,79600000,73600000,1
16606777551454,77600000,19400000,1
