16607847470583,81e00000,19400000,1
16607847750548,89e00000,19800000,1
16607849156435,7e000000,19000000,1
16607849470774,86000000,19200000,1
16607849954221,82000000,19600000,1
16607850270695,8a000000,19a00000,1
16607851858453,7e200000,19c00000,1
16607852188292,86200000,19e00000,1
16607852682649,82200000,1a000000,1
16607852993482,8a200000,1a200000,1
16607854557476,7e400000,1a400000,1
16607854873870,86400000,1a600000,1
16607855368267,82400000,1a800000,1
16607855679050,8a400000,1aa00000,1
16607857261608,7e600000,1ac00000,1
16607857574305,86600000,1b000000,1
16607858054265,82600000,1b200000,1
16607858362664,8a600000,1b400000,1
16607859937197,7e800000,1b600000,1
16607860250785,86800000,1b800000,1
16607860743229,82800000,1ba00000,1
16607861063209,8a800000,1bc00000,1
16607862579714,7ea00000,1be00000,1
16607862891028,86a00000,1c000000,1
16607863388822,82a00000,1c200000,1
16607863715825,8aa00000,1c400000,1
16607865269530,7ec00000,1c600000,1
16607865619296,86c00000,1c800000,1
16607866678152,82c00000,1ca00000,1
16607866991970,8ac00000,1cc00000,1
16607868048923,7ee00000,1ce00000,1
16607868367250,86e00000,1d000000,1
16607869400899,82e00000,1d200000,1
16607869715229,8ae00000,1d400000,1
16607870767463,7f000000,1d600000,1
16607871082824,87000000,1d800000,1
16607872138635,83000000,1da00000,1
16607872454086,8b000000,1dc00000,1
16607873498746,7f200000,1de00000,1
16607873811643,87200000,1e000000,1
16607874865349,83200000,1e200000,1
16607875184408,8b200000,1e400000,1
16607876261198,7f400000,72c00000,1
16607876581188,87400000,72e00000,1
16607877638000,83400000,73000000,1
16607877951699,8b400000,73200000,1
16607878998562,7f600000,73400000,1
16607879330896,87600000,73600000,1
16607880401263,83600000,19400000,1
16607880713349,8b600000,19800000,1
16607881752628,7f800000,19000000,1
16607882067088,87800000,19200000,1
16607883015738,83800000,19600000,1
16607883241160,8b800000,19a00000,1
