16660015079874,1be00000,19800000,1
16660015369317,5be00000,19a00000,1
16660015951789,1fe00000,1a000000,1
16660016247073,5fe00000,1a200000,1
16660016557796,23e00000,1a400000,1
16660016832211,63e00000,1a800000,1
16660017141220,27e00000,1b200000,1
16660017425754,67e00000,1b400000,1
16660017741887,2be00000,1b600000,1
16660018026210,6be00000,1ba00000,1
16660018593024,2fe00000,1c200000,1
16660018875644,6fe00000,1c400000,1
16660028725710,33e00000,1c800000,1
16660029003872,73e00000,1ca00000,1
16660029305718,37e00000,1ce00000,1
16660029579171,77e00000,1d200000,1
16660029880957,7be00000,1d800000,1
16660030154120,3be00000,1dc00000,1
16660030450155,3fe00000,1e000000,1
16660030721895,7fe00000,1e200000,1
16660031017449,43e00000,3a800000,1
16660031292485,83e00000,3ae00000,1
16660031589843,47e00000,3b000000,1
16660031868576,87e00000,3b400000,1
16660032166154,4be00000,3b800000,1
16660032440539,8be00000,3ba00000,1
16660032736955,4fe00000,3c000000,1
16660033011069,8fe00000,3c400000,1
16660033309108,93e00000,3c800000,1
16660033581499,53e00000,3ca00000,1
16660033873276,18000000,19000000,1
16660034190301,58000000,19200000,1
16660034690419,5c000000,19600000,1
16660035008756,1c000000,19400000,1
16660035496120,60000000,19e00000,1
16660035820619,20000000,19c00000,1
16660036315157,24000000,1a600000,1
16660036637331,64000000,1aa00000,1
16660037645292,28000000,1ac00000,1
16660037962356,68000000,1b000000,1
16660038456694,6c000000,1bc00000,1
16660038773137,2c000000,1b800000,1
16660039256955,70000000,1c000000,1
16660039573589,30000000,1be00000,1
16660048714715,34000000,1c600000,1
16660049026029,74000000,1cc00000,1
16660049499788,38000000,1d000000,1
16660049977374,78000000,1d400000,1
16660050462063,3c000000,1d600000,1
16660050942294,7c000000,1da00000,1
16660051416053,80000000,1e400000,1
16660051721716,40000000,1de00000,1
16660052194723,44000000,3aa00000,1
16660052675575,84000000,3ac00000,1
16660053161467,48000000,3b200000,1
16660053467921,88000000,3b600000,1
16660053943073,4c000000,3be00000,1
16660054424355,8c000000,3bc00000,1
16660054898455,50000000,3c200000,1
16660055380078,90000000,3c600000,1
16660055876900,54000000,3cc00000,1
16660056365527,94000000,3ce00000,1
16660056858171,18200000,3d000000,1
16660057349072,58200000,3d200000,1
16660057852266,5c200000,3d600000,1
16660058348276,1c200000,3d400000,1
16660058850989,20200000,3d800000,1
16660059364182,60200000,3da00000,1
16660059875090,64200000,3de00000,1
16660060361733,24200000,3dc00000,1
16660060858465,28200000,3e000000,1
16660061346610,68200000,3e200000,1
16660061836860,2c200000,3e400000,1
16660062325236,6c200000,3e600000,1
16660062815796,70200000,3ea00000,1
16660063308240,30200000,3e800000,1
16660072339711,74200000,3ee00000,1
16660072653279,34200000,3ec00000,1
16660073128390,38200000,3f000000,1
16660073433783,78200000,3f200000,1
16660073909756,7c200000,3f600000,1
16660074214918,3c200000,3f400000,1
16660074689739,40200000,3f800000,1
16660074996334,80200000,3fa00000,1
16660075475192,44200000,3fc00000,1
16660075779814,84200000,3fe00000,1
16660076266016,48200000,40000000,1
16660076572911,88200000,40200000,1
16660077046350,4c200000,40400000,1
16660077352704,8c200000,40600000,1
16660077828597,50200000,40800000,1
16660078134771,90200000,40a00000,1
16660078607889,54200000,40c00000,1
16660078913903,94200000,40e00000,1
16660079398562,18400000,41000000,1
16660079710958,58400000,41200000,1
16660080209733,1c400000,41400000,1
16660080532008,5c400000,41600000,1
16660081023410,20400000,41800000,1
16660081341005,60400000,41a00000,1
16660081827167,64400000,41e00000,1
16660082143711,24400000,41c00000,1
16660082629372,28400000,42000000,1
16660082944363,68400000,42200000,1
16660083430294,6c400000,42600000,1
16660083750094,2c400000,42400000,1
16660084239813,30400000,42800000,1
16660084557088,70400000,42a00000,1
16660093641438,74400000,42e00000,1
16660093953975,34400000,42c00000,1
16660094427513,38400000,43000000,1
16660094735350,78400000,43200000,1
16660095210081,3c400000,43400000,1
16660095516576,7c400000,43600000,1
16660095995394,40400000,43800000,1
16660096302209,80400000,43a00000,1
16660096776229,84400000,43e00000,1
16660097083815,44400000,43c00000,1
16660097557604,48400000,44000000,1
16660097862115,88400000,44200000,1
16660098342507,4c400000,44400000,1
16660098650594,8c400000,44600000,1
16660099129242,50400000,44800000,1
16660099434725,90400000,44a00000,1
16660099923131,54400000,44c00000,1
16660100231360,94400000,44e00000,1
16660100719786,18600000,45000000,1
16660101043243,58600000,45200000,1
16660101546416,5c600000,45600000,1
16660101865936,1c600000,45400000,1
16660102352979,60600000,45a00000,1
16660102672088,20600000,45800000,1
16660103146558,24600000,45c00000,1
16660103455237,64600000,45e00000,1
16660103955014,68600000,46200000,1
16660104271458,28600000,46000000,1
16660104769823,2c600000,46400000,1
16660105084754,6c600000,46600000,1
16660105569082,70600000,46a00000,1
16660105884454,30600000,46800000,1
16660115000584,34600000,46c00000,1
16660115309914,74600000,46e00000,1
16660115785887,78600000,47200000,1
16660116107019,38600000,47000000,1
16660116588692,3c600000,47400000,1
16660116893885,7c600000,47600000,1
16660117371431,40600000,47800000,1
16660117682274,80600000,47a00000,1
16660118156844,44600000,47c00000,1
16660118466345,84600000,47e00000,1
16660118940975,88600000,48200000,1
16660119248301,48600000,48000000,1
16660119732610,4c600000,48400000,1
16660120046068,8c600000,48600000,1
16660120525657,50600000,48800000,1
16660120831341,90600000,48a00000,1
16660121308746,94600000,48e00000,1
16660121616604,54600000,48c00000,1
16660122100021,18800000,49000000,1
16660122426393,58800000,49200000,1
16660122932632,5c800000,49600000,1
16660123250919,1c800000,49400000,1
16660123736691,20800000,49800000,1
16660124063984,60800000,49a00000,1
16660124562349,24800000,49c00000,1
16660124876489,64800000,49e00000,1
16660125361949,28800000,4a000000,1
16660125678433,68800000,4a200000,1
16660126164505,6c800000,4a600000,1
16660126479836,2c800000,4a400000,1
16660126972841,30800000,4a800000,1
16660127288162,70800000,4aa00000,1
16660136747396,34800000,4ac00000,1
16660137059962,74800000,4ae00000,1
16660137540043,38800000,4b000000,1
16660137847710,78800000,4b200000,1
16660138324264,7c800000,4b600000,1
16660138630959,3c800000,4b400000,1
16660139105419,40800000,4b800000,1
16660139409810,80800000,4ba00000,1
16660139891113,44800000,4bc00000,1
16660140204240,84800000,4be00000,1
16660140686735,48800000,4c000000,1
16660140994763,88800000,4c200000,1
16660141478991,4c800000,4c400000,1
16660141786178,8c800000,4c600000,1
16660142261720,90800000,4ca00000,1
16660142569337,50800000,4c800000,1
16660143051241,54800000,4cc00000,1
16660143357695,94800000,4ce00000,1
16660143855309,18a00000,4d000000,1
16660144186360,58a00000,4d200000,1
16660144698340,1ca00000,4d400000,1
16660145018330,5ca00000,4d600000,1
16660145734263,20a00000,4d800000,1
16660146051669,60a00000,4da00000,1
16660146536939,24a00000,4dc00000,1
16660146855837,64a00000,4de00000,1
16660147337180,28a00000,4e000000,1
16660147660486,68a00000,4e200000,1
16660148154613,2ca00000,4e400000,1
16660148472159,6ca00000,4e600000,1
16660157836995,30a00000,4e800000,1
16660158150834,70a00000,4ea00000,1
16660158632818,34a00000,4ec00000,1
16660158942780,74a00000,4ee00000,1
16660159764351,38a00000,4f000000,1
16660160081025,78a00000,4f200000,1
16660160557228,3ca00000,4f400000,1
16660160863402,7ca00000,4f600000,1
16660161339165,80a00000,4fa00000,1
16660161646812,40a00000,4f800000,1
16660162357755,44a00000,4fc00000,1
16660162667937,84a00000,4fe00000,1
16660163141786,48a00000,50000000,1
16660163468038,88a00000,50200000,1
16660163969318,4ca00000,50400000,1
16660164278759,8ca00000,50600000,1
16660164759521,50a00000,50800000,1
16660165067118,90a00000,50a00000,1
16660165540936,54a00000,50c00000,1
16660165855827,94a00000,50e00000,1
16660166346077,18c00000,51000000,1
16660166670796,58c00000,51200000,1
16660167168449,1cc00000,51400000,1
16660167485404,5cc00000,51600000,1
16660167977126,20c00000,51800000,1
16660168301875,60c00000,51a00000,1
16660168785192,24c00000,51c00000,1
16660169102066,64c00000,51e00000,1
16660169587647,28c00000,52000000,1
16660169902668,68c00000,52200000,1
16660178767567,2cc00000,52400000,1
16660179074973,6cc00000,52600000,1
16660179551607,30c00000,52800000,1
16660179871367,70c00000,52a00000,1
16660180350696,34c00000,52c00000,1
16660180659496,74c00000,52e00000,1
16660181137793,38c00000,53000000,1
16660181444538,78c00000,53200000,1
16660181920671,3cc00000,53400000,1
16660182227677,7cc00000,53600000,1
16660182703810,40c00000,53800000,1
16660183013461,80c00000,53a00000,1
16660183487350,84c00000,53e00000,1
16660183793504,44c00000,53c00000,1
16660184276029,48c00000,54000000,1
16660184595749,88c00000,54200000,1
16660185091158,4cc00000,54400000,1
16660185398385,8cc00000,54600000,1
16660185892391,50c00000,54800000,1
16660186209957,90c00000,54a00000,1
16660186696199,54c00000,54c00000,1
16660187012653,94c00000,54e00000,1
16660187496410,18e00000,55000000,1
16660187826309,58e00000,55200000,1
16660188325956,1ce00000,55400000,1
16660188650485,5ce00000,55600000,1
16660189134383,60e00000,55a00000,1
16660189450365,20e00000,55800000,1
16660189943651,24e00000,55c00000,1
16660190265094,64e00000,55e00000,1
16660198741864,28e00000,56000000,1
16660199054340,68e00000,56200000,1
16660199536164,6ce00000,56600000,1
16660199847017,2ce00000,56400000,1
16660200327919,30e00000,56800000,1
16660200638312,70e00000,56a00000,1
16660201111750,34e00000,56c00000,1
16660201421060,74e00000,56e00000,1
16660201894398,38e00000,57000000,1
16660202201894,78e00000,57200000,1
16660202683117,3ce00000,57400000,1
16660202991235,7ce00000,57600000,1
16660203466146,40e00000,57800000,1
16660203774745,80e00000,57a00000,1
16660204273070,84e00000,57e00000,1
16660204582801,44e00000,57c00000,1
16660205069083,48e00000,58000000,1
16660205396437,88e00000,58200000,1
16660205895543,4ce00000,58400000,1
16660206212157,8ce00000,58600000,1
16660206693971,50e00000,58800000,1
16660207009623,90e00000,58a00000,1
16660207497197,54e00000,58c00000,1
16660207834330,94e00000,58e00000,1
16660208323527,19000000,59000000,1
16660208650771,59000000,59200000,1
16660209145479,1d000000,59400000,1
16660209464588,5d000000,59600000,1
16660209956240,61000000,59a00000,1
16660210270900,21000000,59800000,1
16660218653544,25000000,59c00000,1
16660218965890,65000000,59e00000,1
16660219442715,69000000,5a200000,1
16660219754740,29000000,5a000000,1
16660220236093,2d000000,5a400000,1
16660220544221,6d000000,5a600000,1
16660221024051,71000000,5aa00000,1
16660221330245,31000000,5a800000,1
16660221805306,35000000,5ac00000,1
16660222112392,75000000,5ae00000,1
16660222585169,39000000,5b000000,1
16660222893467,79000000,5b200000,1
16660223371103,3d000000,5b400000,1
16660223680734,7d000000,5b600000,1
16660224165483,81000000,5ba00000,1
16660224472028,41000000,5b800000,1
16660224949444,45000000,5bc00000,1
16660225258704,85000000,5be00000,1
16660225744054,49000000,5c000000,1
16660226070577,89000000,5c200000,1
16660226561788,4d000000,5c400000,1
16660226879174,8d000000,5c600000,1
16660227364133,91000000,5ca00000,1
16660227679345,51000000,5c800000,1
16660228169955,55000000,5cc00000,1
16660228487150,95000000,5ce00000,1
16660228961219,19200000,5d000000,1
16660229280268,59200000,5d200000,1
16660229775787,1d200000,5d400000,1
16660230092181,5d200000,5d600000,1
16660238302902,21200000,5d800000,1
16660238616190,61200000,5da00000,1
16660239098775,65200000,5de00000,1
16660239405591,25200000,5dc00000,1
16660239898415,69200000,5e200000,1
16660240208517,29200000,5e000000,1
16660240691433,2d200000,5e400000,1
16660241000953,6d200000,5e600000,1
16660241474782,31200000,5e800000,1
16660241785685,71200000,5ea00000,1
16660242259915,75200000,5ee00000,1
16660242566981,35200000,5ec00000,1
16660243041431,39200000,5f000000,1
16660243347785,79200000,5f200000,1
16660243832645,3d200000,5f400000,1
16660244142887,7d200000,5f600000,1
16660244624911,41200000,5f800000,1
16660244931205,81200000,5fa00000,1
16660245426935,45200000,5fc00000,1
16660245742958,85200000,5fe00000,1
16660246231655,49200000,60000000,1
16660246555432,89200000,60200000,1
16660247051783,4d200000,60400000,1
16660247367786,8d200000,60600000,1
16660247861362,51200000,60800000,1
16660248179088,91200000,60a00000,1
16660248660862,55200000,60c00000,1
16660248978768,95200000,60e00000,1
16660249462545,19400000,61000000,1
16660249786603,59400000,61200000,1
16660258389881,5d400000,61600000,1
16660258703579,1d400000,61400000,1
16660259182688,21400000,61800000,1
16660259491297,61400000,61a00000,1
16660259974664,65400000,61e00000,1
16660260286759,25400000,61c00000,1
16660260764415,29400000,62000000,1
16660261073395,69400000,62200000,1
16660261555158,2d400000,62400000,1
16660261862695,6d400000,62600000,1
16660262335823,31400000,62800000,1
16660262642889,71400000,62a00000,1
16660263116868,35400000,62c00000,1
16660263424114,75400000,62e00000,1
16660263911629,39400000,63000000,1
16660264227161,79400000,63200000,1
16660264712842,3d400000,63400000,1
16660265018946,7d400000,63600000,1
16660265513463,41400000,63800000,1
16660265829426,81400000,63a00000,1
16660266314255,85400000,63e00000,1
16660266629868,45400000,63c00000,1
16660267120077,49400000,64000000,1
16660267439857,89400000,64200000,1
16660267947810,8d400000,64600000,1
16660268265686,4d400000,64400000,1
16660268761586,51400000,64800000,1
16660269077849,91400000,64a00000,1
16660269568440,55400000,64c00000,1
16660269888159,95400000,64e00000,1
16660278544988,19600000,65000000,1
16660278864958,59600000,65200000,1
16660279348134,1d600000,65400000,1
16660279654920,5d600000,65600000,1
16660280134379,21600000,65800000,1
16660280441495,61600000,65a00000,1
16660280924241,25600000,65c00000,1
16660281235384,65600000,65e00000,1
16660281711087,29600000,66000000,1
16660282019846,69600000,66200000,1
16660282502722,2d600000,66400000,1
16660282812503,6d600000,66600000,1
16660283292223,31600000,66800000,1
16660283599609,71600000,66a00000,1
16660284083166,35600000,66c00000,1
16660284392777,75600000,66e00000,1
16660284867698,79600000,67200000,1
16660285174483,39600000,67000000,1
16660285661377,3d600000,67400000,1
16660285978211,7d600000,67600000,1
16660286460896,81600000,67a00000,1
16660286781197,41600000,67800000,1
16660287268992,45600000,67c00000,1
16660287583482,85600000,67e00000,1
16660288086866,49600000,68000000,1
16660288408710,89600000,68200000,1
16660288899370,4d600000,68400000,1
16660289216866,8d600000,68600000,1
16660289701375,51600000,68800000,1
16660290020233,91600000,68a00000,1
16660298539122,55600000,68c00000,1
16660298851609,95600000,68e00000,1
16660299335346,19800000,69000000,1
16660299653102,59800000,69200000,1
16660300161997,1d800000,69400000,1
16660300472970,5d800000,69600000,1
16660300954092,61800000,69a00000,1
16660301262371,21800000,69800000,1
16660301742431,65800000,69e00000,1
16660302051391,25800000,69c00000,1
16660302529317,69800000,6a200000,1
16660302839719,29800000,6a000000,1
16660303321263,2d800000,6a400000,1
16660303630262,6d800000,6a600000,1
16660304110643,71800000,6aa00000,1
16660304423741,31800000,6a800000,1
16660304901507,35800000,6ac00000,1
16660305209354,75800000,6ae00000,1
16660305693352,39800000,6b000000,1
16660306012541,79800000,6b200000,1
16660306498472,3d800000,6b400000,1
16660306814014,7d800000,6b600000,1
16660307296730,81800000,6ba00000,1
16660307612883,41800000,6b800000,1
16660308103994,85800000,6be00000,1
16660308422952,45800000,6bc00000,1
16660308913022,49800000,6c000000,1
16660309235066,89800000,6c200000,1
16660309734402,4d800000,6c400000,1
16660310051076,8d800000,6c600000,1
16660318408734,91800000,6ca00000,1
16660318719987,51800000,6c800000,1
16660319195910,55800000,6cc00000,1
16660319503287,95800000,6ce00000,1
16660319985491,19a00000,6d000000,1
16660320309078,59a00000,6d200000,1
16660320795140,1da00000,6d400000,1
16660321109730,5da00000,6d600000,1
16660321591253,21a00000,6d800000,1
16660321901385,61a00000,6da00000,1
16660322373831,25a00000,6dc00000,1
16660322681328,65a00000,6de00000,1
16660323160397,69a00000,6e200000,1
16660323465188,29a00000,6e000000,1
16660323953013,6da00000,6e600000,1
16660324261873,2da00000,6e400000,1
16660324734159,71a00000,6ea00000,1
16660325037768,31a00000,6e800000,1
16660325523519,35a00000,6ec00000,1
16660325838681,75a00000,6ee00000,1
16660326323139,39a00000,6f000000,1
16660326641597,79a00000,6f200000,1
16660327122879,3da00000,6f400000,1
16660327426419,7da00000,6f600000,1
16660327919564,41a00000,6f800000,1
16660328238011,81a00000,6fa00000,1
16660328728501,45a00000,6fc00000,1
16660329041759,85a00000,6fe00000,1
16660329524514,49a00000,70000000,1
16660329843393,89a00000,70200000,1
16660338396146,4da00000,70400000,1
16660338707269,8da00000,70600000,1
16660339184304,51a00000,70800000,1
16660339491059,91a00000,70a00000,1
16660339971060,55a00000,70c00000,1
16660340293164,95a00000,70e00000,1
16660340774647,19c00000,71000000,1
16660341085951,59c00000,71200000,1
16660341569769,1dc00000,71400000,1
16660341875783,5dc00000,71600000,1
16660342351425,21c00000,71800000,1
16660342660435,61c00000,71a00000,1
16660343136347,25c00000,71c00000,1
16660343441289,65c00000,71e00000,1
16660343920919,29c00000,72000000,1
16660344234006,69c00000,72200000,1
16660344714147,2dc00000,72400000,1
16660345021824,6dc00000,72600000,1
16660345496625,31c00000,72800000,1
16660345803340,71c00000,72a00000,1
16660346292618,35c00000,72c00000,1
16660346608701,75c00000,72e00000,1
16660347096115,39c00000,73000000,1
16660347410595,79c00000,73200000,1
16660347913538,7dc00000,73600000,1
16660348233649,3dc00000,73400000,1
16660348718849,41c00000,19800000,1
16660349034040,81c00000,19a00000,1
16660349516766,85c00000,1a200000,1
16660349834241,45c00000,1a000000,1
16660358390631,49c00000,1a400000,1
16660358609081,89c00000,1a800000,1
16660359001938,4dc00000,1b200000,1
16660359214156,8dc00000,1b400000,1
16660359594750,51c00000,1b600000,1
16660359806928,91c00000,1ba00000,1
16660360198121,55c00000,1c200000,1
16660360418094,95c00000,1c400000,1
16660360798798,19e00000,1c800000,1
16660361016677,59e00000,1ca00000,1
16660361400467,1de00000,1ce00000,1
16660361614478,5de00000,1d200000,1
16660362004069,21e00000,1d800000,1
16660362215315,61e00000,1dc00000,1
16660362602331,65e00000,1e200000,1
16660362813928,25e00000,1e000000,1
16660363202267,29e00000,3a800000,1
16660363415416,69e00000,3ae00000,1
16660363818092,6de00000,3b400000,1
16660364041381,2de00000,3b000000,1
16660364442974,31e00000,3b800000,1
16660364667245,71e00000,3ba00000,1
16660365059400,35e00000,3c000000,1
16660365282639,75e00000,3c400000,1
16660365672350,39e00000,3c800000,1
16660365893615,79e00000,3ca00000,1
16660366289147,3de00000,19000000,1
16660366510242,7de00000,19200000,1
16660366902517,41e00000,19600000,1
16660367123452,81e00000,19400000,1
