16655296642488,1be00000,19400000,1
16655296934826,57e00000,19800000,1
16655297246290,1fe00000,1a000000,1
16655297527528,5be00000,1a200000,1
16655297835596,5fe00000,1a600000,1
16655298116863,23e00000,1aa00000,1
16655298424641,27e00000,1b200000,1
16655298706119,63e00000,1b400000,1
16655299013826,2be00000,1b600000,1
16655299298029,67e00000,1ba00000,1
16655307546301,2fe00000,1be00000,1
16655307828821,6be00000,1c200000,1
16655308128473,33e00000,1c600000,1
16655308430630,6fe00000,1ca00000,1
16655308723028,37e00000,1ce00000,1
16655309021779,73e00000,1d200000,1
16655309319016,3be00000,1d600000,1
16655309625912,77e00000,1da00000,1
16655309921797,3fe00000,1de00000,1
16655310221799,7be00000,1e200000,1
16655310527844,43e00000,3a800000,1
16655310799944,7fe00000,3ac00000,1
16655311098744,47e00000,3b000000,1
16655311401653,83e00000,3b400000,1
16655311704040,4be00000,3b800000,1
16655312025363,87e00000,3ba00000,1
16655312338390,4fe00000,3c000000,1
16655312642570,8be00000,3c400000,1
16655312953504,18000000,19000000,1
16655313450826,54000000,19200000,1
16655313950133,1c000000,19600000,1
16655314444711,58000000,19a00000,1
16655314986397,20000000,19c00000,1
16655315307299,5c000000,19e00000,1
16655315806766,24000000,1a400000,1
16655316296324,60000000,1a800000,1
16655316786694,64000000,1b000000,1
16655317098679,28000000,1ac00000,1
16655317589319,68000000,1bc00000,1
16655317901785,2c000000,1b800000,1
16655326288106,30000000,1c000000,1
16655326604149,6c000000,1c400000,1
16655327078489,34000000,1c800000,1
16655327383651,70000000,1cc00000,1
16655327871877,38000000,1d000000,1
16655328182760,74000000,1d400000,1
16655328663162,3c000000,1d800000,1
16655328968104,78000000,1dc00000,1
16655329444928,40000000,1e000000,1
16655329751122,7c000000,1e400000,1
16655330223979,80000000,3ae00000,1
16655330535133,44000000,3aa00000,1
16655331006086,48000000,3b200000,1
16655331311279,84000000,3b600000,1
16655331785268,88000000,3be00000,1
16655332091603,4c000000,3bc00000,1
16655332572475,50000000,3c200000,1
16655332881985,8c000000,3c600000,1
16655333368898,18200000,3c800000,1
16655333691494,54200000,3ca00000,1
16655334180872,58200000,3ce00000,1
16655334500331,1c200000,3cc00000,1
16655334989038,20200000,3d000000,1
16655335306413,5c200000,3d200000,1
16655335792054,24200000,3d400000,1
16655336118496,60200000,3d600000,1
16655336606972,28200000,3d800000,1
16655336919699,64200000,3da00000,1
16655337401122,68200000,3de00000,1
16655337719269,2c200000,3dc00000,1
16655347309528,30200000,3e000000,1
16655347617335,6c200000,3e200000,1
16655348095783,34200000,3e400000,1
16655348404342,70200000,3e600000,1
16655348873682,38200000,3e800000,1
16655349177051,74200000,3ea00000,1
16655349656170,3c200000,3ec00000,1
16655349959759,78200000,3ee00000,1
16655350431795,40200000,3f000000,1
16655350735454,7c200000,3f200000,1
16655351210576,44200000,3f400000,1
16655351517251,80200000,3f600000,1
16655351994226,48200000,3f800000,1
16655352299839,84200000,3fa00000,1
16655352774479,4c200000,3fc00000,1
16655353079702,88200000,3fe00000,1
16655353558911,50200000,40000000,1
16655353864744,8c200000,40200000,1
16655354825627,18400000,40400000,1
16655355150466,54400000,40600000,1
16655355642990,1c400000,40800000,1
16655355969613,58400000,40a00000,1
16655356458610,5c400000,40e00000,1
16655356775875,20400000,40c00000,1
16655357271064,24400000,41000000,1
16655357589882,60400000,41200000,1
16655358063330,28400000,41400000,1
16655358372009,64400000,41600000,1
16655358854073,68400000,41a00000,1
16655359168152,2c400000,41800000,1
16655367703783,30400000,41c00000,1
16655368018724,6c400000,41e00000,1
16655368493875,34400000,42000000,1
16655368805911,70400000,42200000,1
16655369284779,38400000,42400000,1
16655369596975,74400000,42600000,1
16655370070022,3c400000,42800000,1
16655370374042,78400000,42a00000,1
16655370845667,40400000,42c00000,1
16655371151140,7c400000,42e00000,1
16655371624518,44400000,43000000,1
16655371935171,80400000,43200000,1
16655372407837,48400000,43400000,1
16655372716306,84400000,43600000,1
16655373187409,88400000,43a00000,1
16655373493293,4c400000,43800000,1
16655373965749,50400000,43c00000,1
16655374268237,8c400000,43e00000,1
16655374749630,18600000,44000000,1
16655375070532,54600000,44200000,1
16655375559800,58600000,44600000,1
16655375897152,1c600000,44400000,1
16655376389927,20600000,44800000,1
16655376707382,5c600000,44a00000,1
16655377191831,24600000,44c00000,1
16655377512042,60600000,44e00000,1
16655377993835,28600000,45000000,1
16655378307754,64600000,45200000,1
16655378788346,68600000,45600000,1
16655379103998,2c600000,45400000,1
16655387688631,6c600000,45a00000,1
16655388002870,30600000,45800000,1
16655388477741,34600000,45c00000,1
16655388782623,70600000,45e00000,1
16655389253857,38600000,46000000,1
16655389559079,74600000,46200000,1
16655390030063,3c600000,46400000,1
16655390335956,78600000,46600000,1
16655390807200,7c600000,46a00000,1
16655391113996,40600000,46800000,1
16655391583647,44600000,46c00000,1
16655391894340,80600000,46e00000,1
16655392370713,84600000,47200000,1
16655392676557,48600000,47000000,1
16655393146478,4c600000,47400000,1
16655393454296,88600000,47600000,1
16655393930289,50600000,47800000,1
16655394234219,8c600000,47a00000,1
16655394716954,18800000,47c00000,1
16655395040090,54800000,47e00000,1
16655395531422,1c800000,48000000,1
16655395857093,58800000,48200000,1
16655396343445,20800000,48400000,1
16655396662814,5c800000,48600000,1
16655397148315,24800000,48800000,1
16655397463807,60800000,48a00000,1
16655397949508,28800000,48c00000,1
16655398263627,64800000,48e00000,1
16655398746773,68800000,49200000,1
16655399059750,2c800000,49000000,1
16655407716789,30800000,49400000,1
16655408041969,6c800000,49600000,1
16655408517782,34800000,49800000,1
16655408823134,70800000,49a00000,1
16655409297554,38800000,49c00000,1
16655409601404,74800000,49e00000,1
16655410076205,3c800000,4a000000,1
16655410380536,78800000,4a200000,1
16655410854004,40800000,4a400000,1
16655411163845,7c800000,4a600000,1
16655411637123,44800000,4a800000,1
16655411948687,80800000,4aa00000,1
16655412423698,48800000,4ac00000,1
16655412752836,84800000,4ae00000,1
16655413223128,88800000,4b200000,1
16655413528881,4c800000,4b000000,1
16655414005596,50800000,4b400000,1
16655414310688,8c800000,4b600000,1
16655414794696,18a00000,4b800000,1
16655415120317,54a00000,4ba00000,1
16655415608031,58a00000,4be00000,1
16655415941026,1ca00000,4bc00000,1
16655416428000,5ca00000,4c200000,1
16655416745866,20a00000,4c000000,1
16655417231226,24a00000,4c400000,1
16655417550695,60a00000,4c600000,1
16655418033191,28a00000,4c800000,1
16655418346839,64a00000,4ca00000,1
16655418831117,2ca00000,4cc00000,1
16655419144355,68a00000,4ce00000,1
16655427492805,30a00000,4d000000,1
16655427811342,6ca00000,4d200000,1
16655428285882,34a00000,4d400000,1
16655428599861,70a00000,4d600000,1
16655429071947,38a00000,4d800000,1
16655429377049,74a00000,4da00000,1
16655429853823,3ca00000,4dc00000,1
16655430157543,78a00000,4de00000,1
16655430633756,40a00000,4e000000,1
16655430938879,7ca00000,4e200000,1
16655431409972,44a00000,4e400000,1
16655431719984,80a00000,4e600000,1
16655432208250,48a00000,4e800000,1
16655432533901,84a00000,4ea00000,1
16655433029490,4ca00000,4ec00000,1
16655433339512,88a00000,4ee00000,1
16655433814864,8ca00000,4f200000,1
16655434121499,50a00000,4f000000,1
16655434604906,18c00000,4f400000,1
16655434931398,54c00000,4f600000,1
16655435421868,58c00000,4fa00000,1
16655435738382,1cc00000,4f800000,1
16655436230735,20c00000,4fc00000,1
16655436547149,5cc00000,4fe00000,1
16655437029073,24c00000,50000000,1
16655437344675,60c00000,50200000,1
16655437828152,28c00000,50400000,1
16655438143694,64c00000,50600000,1
16655438624796,2cc00000,50800000,1
16655438941049,68c00000,50a00000,1
16655447315658,30c00000,50c00000,1
16655447626411,6cc00000,50e00000,1
16655448106462,34c00000,51000000,1
16655448413668,70c00000,51200000,1
16655448899770,38c00000,51400000,1
16655449208439,74c00000,51600000,1
16655449681276,3cc00000,51800000,1
16655449985396,78c00000,51a00000,1
16655450456820,40c00000,51c00000,1
16655450766641,7cc00000,51e00000,1
16655451239959,44c00000,52000000,1
16655451544591,80c00000,52200000,1
16655452016586,48c00000,52400000,1
16655452335775,84c00000,52600000,1
16655452826646,4cc00000,52800000,1
16655453130175,88c00000,52a00000,1
16655453610937,50c00000,52c00000,1
16655453915749,8cc00000,52e00000,1
16655454396621,18e00000,53000000,1
16655454718444,54e00000,53200000,1
16655455213643,1ce00000,53400000,1
16655455534084,58e00000,53600000,1
16655456033531,5ce00000,53a00000,1
16655456349113,20e00000,53800000,1
16655456844632,60e00000,53e00000,1
16655457159804,24e00000,53c00000,1
16655457643731,64e00000,54200000,1
16655457959965,28e00000,54000000,1
16655458444063,2ce00000,54400000,1
16655458761438,68e00000,54600000,1
16655467560814,30e00000,54800000,1
16655467877768,6ce00000,54a00000,1
16655468354543,34e00000,54c00000,1
16655468661889,70e00000,54e00000,1
16655469135347,38e00000,55000000,1
16655469440149,74e00000,55200000,1
16655469919618,3ce00000,55400000,1
16655470228398,78e00000,55600000,1
16655470702677,40e00000,55800000,1
16655471008681,7ce00000,55a00000,1
16655471479745,44e00000,55c00000,1
16655471794886,80e00000,55e00000,1
16655472278824,48e00000,56000000,1
16655472591821,84e00000,56200000,1
16655473076330,4ce00000,56400000,1
16655473382334,88e00000,56600000,1
16655473870339,50e00000,56800000,1
16655474182996,8ce00000,56a00000,1
16655474665160,19000000,56c00000,1
16655474990731,55000000,56e00000,1
16655475474338,1d000000,57000000,1
16655475791463,59000000,57200000,1
16655476282474,21000000,57400000,1
16655476599228,5d000000,57600000,1
16655477088566,61000000,57a00000,1
16655477402384,25000000,57800000,1
16655477887464,29000000,57c00000,1
16655478197596,65000000,57e00000,1
16655478681544,2d000000,58000000,1
16655479004179,69000000,58200000,1
16655487440604,6d000000,58600000,1
16655487759572,31000000,58400000,1
16655488243460,35000000,58800000,1
16655488548382,71000000,58a00000,1
16655489021309,39000000,58c00000,1
16655489328906,75000000,58e00000,1
16655489813164,3d000000,59000000,1
16655490118768,79000000,59200000,1
16655490592406,41000000,59400000,1
16655490905503,7d000000,59600000,1
16655491377338,81000000,59a00000,1
16655491682661,45000000,59800000,1
16655492155458,85000000,59e00000,1
16655492469166,49000000,59c00000,1
16655492954367,89000000,5a200000,1
16655493260170,4d000000,5a000000,1
16655493744328,51000000,5a400000,1
16655494062345,8d000000,5a600000,1
16655494541534,19200000,5a800000,1
16655494867315,55200000,5aa00000,1
16655495357254,59200000,5ae00000,1
16655495664099,1d200000,5ac00000,1
16655496158938,5d200000,5b200000,1
16655496474359,21200000,5b000000,1
16655496966052,25200000,5b400000,1
16655497285341,61200000,5b600000,1
16655497774678,65200000,5ba00000,1
16655498087656,29200000,5b800000,1
16655498569690,2d200000,5bc00000,1
16655498885622,69200000,5be00000,1
16655507356853,6d200000,5c200000,1
16655507663808,31200000,5c000000,1
16655508139160,35200000,5c400000,1
16655508449161,71200000,5c600000,1
16655508921197,39200000,5c800000,1
16655509224416,75200000,5ca00000,1
16655509708293,3d200000,5cc00000,1
16655510012484,79200000,5ce00000,1
16655510485712,41200000,5d000000,1
16655510795493,7d200000,5d200000,1
16655511273259,45200000,5d400000,1
16655511580135,81200000,5d600000,1
16655512055306,49200000,5d800000,1
16655512364826,85200000,5da00000,1
16655512844646,4d200000,5dc00000,1
16655513150350,89200000,5de00000,1
16655513623517,51200000,5e000000,1
16655513934030,8d200000,5e200000,1
16655514417256,19400000,5e400000,1
16655514744881,55400000,5e600000,1
16655515242524,59400000,5ea00000,1
16655515555171,1d400000,5e800000,1
16655516052624,5d400000,5ee00000,1
16655516370580,21400000,5ec00000,1
16655516857794,25400000,5f000000,1
16655517172875,61400000,5f200000,1
16655517654659,65400000,5f600000,1
16655517970421,29400000,5f400000,1
16655518453427,69400000,5fa00000,1
16655518771374,2d400000,5f800000,1
16655527283791,6d400000,5fe00000,1
16655527592340,31400000,5fc00000,1
16655528071819,35400000,60000000,1
16655528380969,71400000,60200000,1
16655528854548,39400000,60400000,1
16655529163277,75400000,60600000,1
16655529637987,3d400000,60800000,1
16655529941617,79400000,60a00000,1
16655530414283,41400000,60c00000,1
16655530723463,7d400000,60e00000,1
16655531198033,45400000,61000000,1
16655531505440,81400000,61200000,1
16655531989769,49400000,61400000,1
16655532306182,85400000,61600000,1
16655532785161,4d400000,61800000,1
16655533091635,89400000,61a00000,1
16655533574171,8d400000,61e00000,1
16655533880425,51400000,61c00000,1
16655534364343,19600000,62000000,1
16655534686838,55600000,62200000,1
16655535184090,59600000,62600000,1
16655535503379,1d600000,62400000,1
16655535996695,21600000,62800000,1
16655536313188,5d600000,62a00000,1
16655536795253,25600000,62c00000,1
16655537112227,61600000,62e00000,1
16655537595333,29600000,63000000,1
16655537910014,65600000,63200000,1
16655546002023,2d600000,63400000,1
16655546313417,69600000,63600000,1
16655546788808,6d600000,63a00000,1
16655547093410,31600000,63800000,1
16655547573320,35600000,63c00000,1
16655547889183,71600000,63e00000,1
16655548362931,39600000,64000000,1
16655548671189,75600000,64200000,1
16655549143676,3d600000,64400000,1
16655549451934,79600000,64600000,1
16655549926163,7d600000,64a00000,1
16655550232909,41600000,64800000,1
16655550707068,45600000,64c00000,1
16655551013142,81600000,64e00000,1
16655551487943,49600000,65000000,1
16655551805699,85600000,65200000,1
16655552299355,89600000,65600000,1
16655552618393,4d600000,65400000,1
16655553101099,51600000,65800000,1
16655553416891,8d600000,65a00000,1
16655553898915,19800000,65c00000,1
16655554222362,55800000,65e00000,1
16655554724785,59800000,66200000,1
16655555041990,1d800000,66000000,1
16655555536698,5d800000,66600000,1
16655555864523,21800000,66400000,1
16655556353840,25800000,66800000,1
16655556672238,61800000,66a00000,1
16655564593176,29800000,66c00000,1
16655564904169,65800000,66e00000,1
16655565377327,69800000,67200000,1
16655565683922,2d800000,67000000,1
16655566158121,31800000,67400000,1
16655566465898,6d800000,67600000,1
16655566938946,35800000,67800000,1
16655567243036,71800000,67a00000,1
16655567723287,39800000,67c00000,1
16655568036354,75800000,67e00000,1
16655568515162,3d800000,68000000,1
16655568820124,79800000,68200000,1
16655569294655,41800000,68400000,1
16655569603774,7d800000,68600000,1
16655570075710,45800000,68800000,1
16655570380041,81800000,68a00000,1
16655570852857,49800000,68c00000,1
16655571165283,85800000,68e00000,1
16655571655222,4d800000,69000000,1
16655571975844,89800000,69200000,1
16655572459120,51800000,69400000,1
16655572778700,8d800000,69600000,1
16655573264301,19a00000,69800000,1
16655573585483,55a00000,69a00000,1
16655574081494,1da00000,69c00000,1
16655574398218,59a00000,69e00000,1
16655574882707,21a00000,6a000000,1
16655575198479,5da00000,6a200000,1
16655583097686,61a00000,6a600000,1
16655583408389,25a00000,6a400000,1
16655583890724,29a00000,6a800000,1
16655584208560,65a00000,6aa00000,1
16655584683360,69a00000,6ae00000,1
16655584990537,2da00000,6ac00000,1
16655585464927,31a00000,6b000000,1
16655585769548,6da00000,6b200000,1
16655586244449,35a00000,6b400000,1
16655586552386,71a00000,6b600000,1
16655587034110,75a00000,6ba00000,1
16655587340014,39a00000,6b800000,1
16655587825535,3da00000,6bc00000,1
16655588135797,79a00000,6be00000,1
16655588608253,41a00000,6c000000,1
16655588916501,7da00000,6c200000,1
16655589392614,45a00000,6c400000,1
16655589700992,81a00000,6c600000,1
16655590182816,49a00000,6c800000,1
16655590499651,85a00000,6ca00000,1
16655590985121,4da00000,6cc00000,1
16655591302136,89a00000,6ce00000,1
16655591791664,51a00000,6d000000,1
16655592109711,8da00000,6d200000,1
16655592590583,19c00000,6d400000,1
16655592917135,55c00000,6d600000,1
16655593407555,1dc00000,6d800000,1
16655593722977,59c00000,6da00000,1
16655601697606,21c00000,6dc00000,1
16655601912499,5dc00000,6de00000,1
16655602292912,25c00000,6e000000,1
16655602505170,61c00000,6e200000,1
16655602887047,65c00000,6e600000,1
16655603102270,29c00000,6e400000,1
16655603481402,2dc00000,6e800000,1
16655603693259,69c00000,6ea00000,1
16655604081878,31c00000,6ec00000,1
16655604294457,6dc00000,6ee00000,1
16655604680641,35c00000,6f000000,1
16655604891437,71c00000,6f200000,1
16655605281658,39c00000,6f400000,1
16655605492774,75c00000,6f600000,1
16655605872246,79c00000,6fa00000,1
16655606088392,3dc00000,6f800000,1
16655606466922,41c00000,6fc00000,1
16655606680062,7dc00000,6fe00000,1
16655607071957,81c00000,70200000,1
16655607293222,45c00000,70000000,1
16655607681700,85c00000,70600000,1
16655607911351,49c00000,70400000,1
16655608305320,4dc00000,70800000,1
16655608525884,89c00000,70a00000,1
16655608920394,51c00000,70c00000,1
16655609139966,8dc00000,70e00000,1
16655609530749,19e00000,71000000,1
16655609756633,55e00000,71200000,1
