16646725077872,efe00000,19400000,1
16646725358027,25e00000,19800000,1
16646725660625,f3e00000,19c00000,1
16646725934969,29e00000,1a200000,1
16646726248007,f7e00000,1a400000,1
16646726531058,2de00000,1a800000,1
16646726844846,fbe00000,1b200000,1
16646727126494,31e00000,1b400000,1
16646727438219,ffe00000,1ba00000,1
16646727732511,35e00000,1be00000,1
16646728058753,03e00000,1c200000,1
16646728346192,07e00000,1c400000,1
16646728659951,39e00000,1c800000,1
16646728943443,3de00000,1ca00000,1
16646736354184,0be00000,1ce00000,1
16646736632806,41e00000,1d200000,1
16646736932298,0fe00000,1d800000,1
16646737206492,45e00000,1da00000,1
16646737508920,13e00000,1de00000,1
16646737781481,49e00000,1e200000,1
16646738083938,17e00000,3a800000,1
16646738355858,4de00000,3ac00000,1
16646738658746,1be00000,3b000000,1
16646738934464,51e00000,3b400000,1
16646739233605,55e00000,3b800000,1
16646739507158,1fe00000,3bc00000,1
16646739820686,ec000000,19000000,1
16646740140306,22000000,19200000,1
16646740628672,26000000,19a00000,1
16646740940346,f0000000,19600000,1
16646741425877,f4000000,19e00000,1
16646741732582,2a000000,1a000000,1
16646742220908,f8000000,1a600000,1
16646742536470,2e000000,1aa00000,1
16646743027491,fc000000,1ac00000,1
16646743343033,32000000,1b000000,1
16646743834595,00000000,1b600000,1
16646744151850,36000000,1b800000,1
16646744639715,3a000000,1c000000,1
16646744955548,04000000,1bc00000,1
16646752330211,08000000,1c600000,1
16646752639321,3e000000,1cc00000,1
16646753120754,0c000000,1d000000,1
16646753426928,42000000,1d400000,1
16646753899014,10000000,1d600000,1
16646754209396,46000000,1dc00000,1
16646754688314,14000000,1e000000,1
16646754993026,4a000000,1e400000,1
16646755469690,18000000,3aa00000,1
16646755793548,4e000000,3ae00000,1
16646756271404,1c000000,3b200000,1
16646756575474,52000000,3b600000,1
16646757047850,20000000,3be00000,1
16646757353394,56000000,3ba00000,1
16646757828455,ec200000,3c000000,1
16646758141372,22200000,3c200000,1
16646758631962,f0200000,3c400000,1
16646758950940,26200000,3c600000,1
16646759436090,2a200000,3ca00000,1
16646759757042,f4200000,3c800000,1
16646760237303,f8200000,3cc00000,1
16646760546273,2e200000,3ce00000,1
16646761039077,fc200000,3d000000,1
16646761354789,32200000,3d200000,1
16646761835251,00200000,3d400000,1
16646762148839,36200000,3d600000,1
16646769753223,3a200000,3da00000,1
16646770062593,04200000,3d800000,1
16646770537164,08200000,3dc00000,1
16646770841895,3e200000,3de00000,1
16646771317828,0c200000,3e000000,1
16646771621748,42200000,3e200000,1
16646772107068,10200000,3e400000,1
16646772413583,46200000,3e600000,1
16646772890017,14200000,3e800000,1
16646773194658,4a200000,3ea00000,1
16646773668868,18200000,3ec00000,1
16646773975543,4e200000,3ee00000,1
16646774450123,1c200000,3f000000,1
16646774756749,52200000,3f200000,1
16646775229946,20200000,3f400000,1
16646775534097,56200000,3f600000,1
16646776030177,ec400000,3f800000,1
16646776350869,22400000,3fa00000,1
16646776838433,f0400000,3fc00000,1
16646777156500,26400000,3fe00000,1
16646777645668,f4400000,40000000,1
16646777960839,2a400000,40200000,1
16646778445087,f8400000,40400000,1
16646778761090,2e400000,40600000,1
16646779243605,32400000,40a00000,1
16646779557644,fc400000,40800000,1
16646786846617,00400000,40c00000,1
16646787157800,36400000,40e00000,1
16646787642630,3a400000,41200000,1
16646787956659,04400000,41000000,1
16646788433173,08400000,41400000,1
16646788740800,3e400000,41600000,1
16646789212374,0c400000,41800000,1
16646789516465,42400000,41a00000,1
16646789989101,46400000,41e00000,1
16646790292771,10400000,41c00000,1
16646790775476,4a400000,42200000,1
16646791081480,14400000,42000000,1
16646791553946,18400000,42400000,1
16646791870691,4e400000,42600000,1
16646792343177,1c400000,42800000,1
16646792647858,52400000,42a00000,1
16646793139791,56400000,42e00000,1
16646793456906,20400000,42c00000,1
16646793942016,ec600000,43000000,1
16646794266966,22600000,43200000,1
16646794756774,f0600000,43400000,1
16646795075172,26600000,43600000,1
16646795568797,f4600000,43800000,1
16646795895921,2a600000,43a00000,1
16646796389046,f8600000,43c00000,1
16646796703546,2e600000,43e00000,1
16646804192293,fc600000,44000000,1
16646804506503,32600000,44200000,1
16646804978658,36600000,44600000,1
16646805283230,00600000,44400000,1
16646805757680,04600000,44800000,1
16646806063724,3a600000,44a00000,1
16646806535970,08600000,44c00000,1
16646806842705,3e600000,44e00000,1
16646807317826,0c600000,45000000,1
16646807622708,42600000,45200000,1
16646808112637,10600000,45400000,1
16646808418310,46600000,45600000,1
16646808891608,14600000,45800000,1
16646809199366,4a600000,45a00000,1
16646809671691,18600000,45c00000,1
16646809977495,4e600000,45e00000,1
16646810456063,1c600000,46000000,1
16646810760694,52600000,46200000,1
16646811250904,20600000,46400000,1
16646811566907,56600000,46600000,1
16646812062787,ec800000,46800000,1
16646812389810,22800000,46a00000,1
16646812879960,26800000,46e00000,1
16646813198627,f0800000,46c00000,1
16646813688236,2a800000,47200000,1
16646814004339,f4800000,47000000,1
16646821443713,2e800000,47600000,1
16646821751911,f8800000,47400000,1
16646822226862,fc800000,47800000,1
16646822538086,32800000,47a00000,1
16646823012266,00800000,47c00000,1
16646823317418,36800000,47e00000,1
16646823803380,04800000,48000000,1
16646824114233,3a800000,48200000,1
16646824586078,08800000,48400000,1
16646824892182,3e800000,48600000,1
16646825371361,0c800000,48800000,1
16646825676563,42800000,48a00000,1
16646826151825,10800000,48c00000,1
16646826457989,46800000,48e00000,1
16646826939602,14800000,49000000,1
16646827245877,4a800000,49200000,1
16646827742468,18800000,49400000,1
16646828073449,4e800000,49600000,1
16646828559000,1c800000,49800000,1
16646828884240,52800000,49a00000,1
16646829370582,20800000,49c00000,1
16646829690693,56800000,49e00000,1
16646830178869,eca00000,4a000000,1
16646830502025,22a00000,4a200000,1
16646830994639,f0a00000,4a400000,1
16646831313276,26a00000,4a600000,1
16646838560270,f4a00000,4a800000,1
16646838873217,2aa00000,4aa00000,1
16646839346114,f8a00000,4ac00000,1
16646839669050,2ea00000,4ae00000,1
16646840147798,fca00000,4b000000,1
16646840458421,32a00000,4b200000,1
16646840933532,36a00000,4b600000,1
16646841240838,00a00000,4b400000,1
16646841722973,3aa00000,4ba00000,1
16646842030279,04a00000,4b800000,1
16646842504188,08a00000,4bc00000,1
16646842814220,3ea00000,4be00000,1
16646843301183,0ca00000,4c000000,1
16646843610023,42a00000,4c200000,1
16646844099330,10a00000,4c400000,1
16646844404172,46a00000,4c600000,1
16646844888931,4aa00000,4ca00000,1
16646845206397,14a00000,4c800000,1
16646845692008,18a00000,4cc00000,1
16646846008171,4ea00000,4ce00000,1
16646846493992,1ca00000,4d000000,1
16646846825905,52a00000,4d200000,1
16646847324460,20a00000,4d400000,1
16646847644330,56a00000,4d600000,1
16646848143346,ecc00000,4d800000,1
16646848470420,22c00000,4da00000,1
16646855656920,26c00000,4de00000,1
16646855974325,f0c00000,4dc00000,1
16646856454125,2ac00000,4e200000,1
16646856761141,f4c00000,4e000000,1
16646857237064,f8c00000,4e400000,1
16646857545332,2ec00000,4e600000,1
16646858026966,32c00000,4ea00000,1
16646858332649,fcc00000,4e800000,1
16646858816787,00c00000,4ec00000,1
16646859126708,36c00000,4ee00000,1
16646859608242,04c00000,4f000000,1
16646859927851,3ac00000,4f200000,1
16646860406649,3ec00000,4f600000,1
16646860713435,08c00000,4f400000,1
16646861190951,0cc00000,4f800000,1
16646861497666,42c00000,4fa00000,1
16646861984138,10c00000,4fc00000,1
16646862298849,46c00000,4fe00000,1
16646862792034,14c00000,50000000,1
16646863106945,4ac00000,50200000,1
16646863604247,18c00000,50400000,1
16646863934407,4ec00000,50600000,1
16646864427271,1cc00000,50800000,1
16646864749275,52c00000,50a00000,1
16646865246788,20c00000,50c00000,1
16646865569163,56c00000,50e00000,1
16646873165833,ece00000,51000000,1
16646873486765,22e00000,51200000,1
16646873976193,f0e00000,51400000,1
16646874283219,26e00000,51600000,1
16646874759572,f4e00000,51800000,1
16646875069474,2ae00000,51a00000,1
16646875546699,f8e00000,51c00000,1
16646875868683,2ee00000,51e00000,1
16646876349475,32e00000,52200000,1
16646876658825,fce00000,52000000,1
16646877132504,36e00000,52600000,1
16646877443487,00e00000,52400000,1
16646877924840,3ae00000,52a00000,1
16646878232106,04e00000,52800000,1
16646878705544,08e00000,52c00000,1
16646879014915,3ee00000,52e00000,1
16646879504202,0ce00000,53000000,1
16646879831496,42e00000,53200000,1
16646880317728,10e00000,53400000,1
16646880632158,46e00000,53600000,1
16646881125624,14e00000,53800000,1
16646881442759,4ae00000,53a00000,1
16646881926236,18e00000,53c00000,1
16646882244392,4ee00000,53e00000,1
16646882728881,1ce00000,54000000,1
16646883048360,52e00000,54200000,1
16646890371938,20e00000,54400000,1
16646890680677,56e00000,54600000,1
16646891156209,ed000000,54800000,1
16646891473584,23000000,54a00000,1
16646891961249,27000000,54e00000,1
16646892272393,f1000000,54c00000,1
16646892752113,f5000000,55000000,1
16646893059760,2b000000,55200000,1
16646893535763,f9000000,55400000,1
16646893847107,2f000000,55600000,1
16646894327858,fd000000,55800000,1
16646894637479,33000000,55a00000,1
16646895121627,37000000,55e00000,1
16646895427992,01000000,55c00000,1
16646895916368,3b000000,56200000,1
16646896228493,05000000,56000000,1
16646896701891,3f000000,56600000,1
16646897009979,09000000,56400000,1
16646897500640,0d000000,56800000,1
16646897818205,43000000,56a00000,1
16646898303045,11000000,56c00000,1
16646898617605,47000000,56e00000,1
16646899109658,15000000,57000000,1
16646899424939,4b000000,57200000,1
16646899919677,4f000000,57600000,1
16646900236191,19000000,57400000,1
16646907609412,1d000000,57800000,1
16646907934191,53000000,57a00000,1
16646908411947,21000000,57c00000,1
16646908718071,57000000,57e00000,1
16646909195807,ed200000,58000000,1
16646909512822,23200000,58200000,1
16646909992832,f1200000,58400000,1
16646910299898,27200000,58600000,1
16646910776142,f5200000,58800000,1
16646911083598,2b200000,58a00000,1
16646911567095,f9200000,58c00000,1
16646911893838,2f200000,58e00000,1
16646912373308,fd200000,59000000,1
16646912679732,33200000,59200000,1
16646913154463,37200000,59600000,1
16646913461068,01200000,59400000,1
16646913951218,05200000,59800000,1
16646914267441,3b200000,59a00000,1
16646914749204,09200000,59c00000,1
16646915063514,3f200000,59e00000,1
16646915548193,0d200000,5a000000,1
16646915881037,43200000,5a200000,1
16646916368472,11200000,5a400000,1
16646916690586,47200000,5a600000,1
16646917174373,15200000,5a800000,1
16646917487561,4b200000,5aa00000,1
16646925013037,19200000,5ac00000,1
16646925323600,4f200000,5ae00000,1
16646925801045,1d200000,5b000000,1
16646926112319,53200000,5b200000,1
16646926601316,ed400000,5b400000,1
16646926917540,23400000,5b600000,1
16646927398361,f1400000,5b800000,1
16646927723401,27400000,5ba00000,1
16646928222117,f5400000,5bc00000,1
16646928531547,2b400000,5be00000,1
16646929011107,2f400000,5c200000,1
16646929317642,f9400000,5c000000,1
16646929799836,fd400000,5c400000,1
16646930106742,33400000,5c600000,1
16646930586422,01400000,5c800000,1
16646930892776,37400000,5ca00000,1
16646931379058,05400000,5cc00000,1
16646931710831,3b400000,5ce00000,1
16646932209626,09400000,5d000000,1
16646932526521,3f400000,5d200000,1
16646933017682,0d400000,5d400000,1
16646933333505,43400000,5d600000,1
16646933820678,11400000,5d800000,1
16646934134407,47400000,5da00000,1
16646934625187,15400000,5dc00000,1
16646934942803,4b400000,5de00000,1
16646943537084,19400000,5e000000,1
16646943867163,4f400000,5e200000,1
16646944349358,1d400000,5e400000,1
16646944662605,53400000,5e600000,1
16646945146834,ed600000,5e800000,1
16646945462486,23600000,5ea00000,1
16646945948528,f1600000,5ec00000,1
16646946259070,27600000,5ee00000,1
16646946738760,f5600000,5f000000,1
16646947047940,2b600000,5f200000,1
16646947530866,f9600000,5f400000,1
16646947855745,2f600000,5f600000,1
16646948332640,fd600000,5f800000,1
16646948641699,33600000,5fa00000,1
16646949118945,01600000,5fc00000,1
16646949427043,37600000,5fe00000,1
16646949920548,05600000,60000000,1
16646950240969,3b600000,60200000,1
16646950715910,09600000,60400000,1
16646951033636,3f600000,60600000,1
16646951521632,0d600000,60800000,1
16646951841842,43600000,60a00000,1
16646952334496,11600000,60c00000,1
16646952655478,47600000,60e00000,1
16646953148343,4b600000,61200000,1
16646953472180,15600000,61000000,1
16646961266270,4f600000,61600000,1
16646961482175,19600000,61400000,1
16646961865003,1d600000,61800000,1
16646962080618,53600000,61a00000,1
16646962463666,ed800000,61c00000,1
16646962688989,23800000,61e00000,1
16646963077828,27800000,62200000,1
16646963292211,f1800000,62000000,1
16646963686200,2b800000,62600000,1
16646963903507,f5800000,62400000,1
16646964293960,2f800000,62a00000,1
16646964507550,f9800000,62800000,1
16646964895799,fd800000,62c00000,1
16646965107436,33800000,62e00000,1
16646965497527,37800000,63200000,1
16646965710777,01800000,63000000,1
16646966110277,05800000,63400000,1
16646966332283,3b800000,63600000,1
16646966728997,09800000,63800000,1
16646966950222,3f800000,63a00000,1
16646967348329,0d800000,63c00000,1
16646967569103,43800000,63e00000,1
16646967967811,11800000,64000000,1
16646968190499,47800000,64200000,1
16646968589046,4b800000,64600000,1
16646968810682,15800000,64400000,1
