16631858099160,41e00000,19600000,1
16631858380618,17e00000,19a00000,1
16631858682554,1be00000,1a000000,1
16631858956638,45e00000,1a200000,1
16631859268062,1fe00000,1a400000,1
16631859563286,49e00000,1a800000,1
16631859879449,4de00000,1b000000,1
16631860163792,23e00000,1b400000,1
16631860473503,51e00000,1b600000,1
16631860754881,27e00000,1ba00000,1
16631861066516,2be00000,1be00000,1
16631861350188,55e00000,1c200000,1
16631866911299,2fe00000,1ca00000,1
16631867191134,59e00000,1cc00000,1
16631867500234,33e00000,1ce00000,1
16631867774609,5de00000,1d400000,1
16631868075663,37e00000,1da00000,1
16631868348956,61e00000,1dc00000,1
16631868649861,3be00000,1e200000,1
16631868923844,65e00000,1e400000,1
16631869226041,14000000,19000000,1
16631869540802,3e000000,19200000,1
16631870029498,18000000,19400000,1
16631870339159,42000000,19800000,1
16631870823017,46000000,19e00000,1
16631871130494,1c000000,19c00000,1
16631871625673,20000000,1a600000,1
16631871942707,4a000000,1aa00000,1
16631872430582,24000000,1ac00000,1
16631872744181,4e000000,1b200000,1
16631873237596,52000000,1b800000,1
16631873554771,28000000,1bc00000,1
16631879306590,56000000,1c400000,1
16631879622653,2c000000,1c000000,1
16631880099357,5a000000,1c800000,1
16631880405772,30000000,1c600000,1
16631880881514,34000000,1d000000,1
16631881187609,5e000000,1d200000,1
16631881663361,62000000,1d800000,1
16631881967211,38000000,1d600000,1
16631882442573,3c000000,1de00000,1
16631882748426,66000000,1e000000,1
16631883224830,14200000,3a800000,1
16631883542696,3e200000,3aa00000,1
16631884028838,42200000,3ae00000,1
16631884338870,18200000,3ac00000,1
16631884830702,1c200000,3b000000,1
16631885146925,46200000,3b200000,1
16631885635141,20200000,3b400000,1
16631885950042,4a200000,3b600000,1
16631886439530,4e200000,3ba00000,1
16631886752377,24200000,3b800000,1
16631892601509,28200000,3bc00000,1
16631892910588,52200000,3be00000,1
16631893386611,2c200000,3c000000,1
16631893692355,56200000,3c200000,1
16631894163869,30200000,3c400000,1
16631894472969,5a200000,3c600000,1
16631894944444,34200000,3c800000,1
16631895249796,5e200000,3ca00000,1
16631895727713,38200000,3cc00000,1
16631896036522,62200000,3ce00000,1
16631896516202,3c200000,3d000000,1
16631896822797,66200000,3d200000,1
16631897312315,14400000,3d400000,1
16631897634409,3e400000,3d600000,1
16631898124098,42400000,3da00000,1
16631898442465,18400000,3d800000,1
16631898932093,1c400000,3dc00000,1
16631899247856,46400000,3de00000,1
16631899738356,4a400000,3e200000,1
16631900054569,20400000,3e000000,1
16631905973361,4e400000,3e600000,1
16631906281770,24400000,3e400000,1
16631906768162,28400000,3e800000,1
16631907073575,52400000,3ea00000,1
16631907559406,2c400000,3ec00000,1
16631907872574,56400000,3ee00000,1
16631908349519,5a400000,3f200000,1
16631908655072,30400000,3f000000,1
16631909136926,34400000,3f400000,1
16631909443050,5e400000,3f600000,1
16631909918321,38400000,3f800000,1
16631910223724,62400000,3fa00000,1
16631910706820,3c400000,3fc00000,1
16631911020859,66400000,3fe00000,1
16631911522550,14600000,40000000,1
16631911846248,3e600000,40200000,1
16631912332089,18600000,40400000,1
16631912648042,42600000,40600000,1
16631913136598,1c600000,40800000,1
16631913453472,46600000,40a00000,1
16631919155148,20600000,40c00000,1
16631919478915,4a600000,40e00000,1
16631919961390,24600000,41000000,1
16631920272974,4e600000,41200000,1
16631920747615,52600000,41600000,1
16631921054080,28600000,41400000,1
16631921534501,2c600000,41800000,1
16631921843440,56600000,41a00000,1
16631922321938,30600000,41c00000,1
16631922627701,5a600000,41e00000,1
16631923103263,34600000,42000000,1
16631923415970,5e600000,42200000,1
16631923900018,38600000,42400000,1
16631924205110,62600000,42600000,1
16631924690541,3c600000,42800000,1
16631925003768,66600000,42a00000,1
16631925490141,14800000,42c00000,1
16631925818637,3e800000,42e00000,1
16631926313325,18800000,43000000,1
16631926630880,42800000,43200000,1
16631932566264,1c800000,43400000,1
16631932876165,46800000,43600000,1
16631933360053,20800000,43800000,1
16631933668241,4a800000,43a00000,1
16631934151017,24800000,43c00000,1
16631934460978,4e800000,43e00000,1
16631934945457,28800000,44000000,1
16631935252733,52800000,44200000,1
16631935728295,2c800000,44400000,1
16631936036964,56800000,44600000,1
16631936512476,30800000,44800000,1
16631936819242,5a800000,44a00000,1
16631937292770,34800000,44c00000,1
16631937599796,5e800000,44e00000,1
16631938087761,38800000,45000000,1
16631938402281,62800000,45200000,1
16631938887381,3c800000,45400000,1
16631939201440,66800000,45600000,1
16631939685989,14a00000,45800000,1
16631940019244,3ea00000,45a00000,1
16631945877062,18a00000,45c00000,1
16631946189538,42a00000,45e00000,1
16631946671823,46a00000,46200000,1
16631946981824,1ca00000,46000000,1
16631947466594,20a00000,46400000,1
16631947774051,4aa00000,46600000,1
16631948252428,24a00000,46800000,1
16631948559293,4ea00000,46a00000,1
16631949032752,28a00000,46c00000,1
16631949339657,52a00000,46e00000,1
16631949815840,2ca00000,47000000,1
16631950123427,56a00000,47200000,1
16631950609519,30a00000,47400000,1
16631950924881,5aa00000,47600000,1
16631951412395,34a00000,47800000,1
16631951731794,5ea00000,47a00000,1
16631952216954,38a00000,47c00000,1
16631952531605,62a00000,47e00000,1
16631953020612,14c00000,48000000,1
16631953343397,3ec00000,48200000,1
16631959090768,18c00000,48400000,1
16631959309699,42c00000,48600000,1
16631959708978,1cc00000,48800000,1
16631959926286,46c00000,48a00000,1
16631960309204,20c00000,48c00000,1
16631960521632,4ac00000,48e00000,1
16631960904370,4ec00000,49200000,1
16631961118883,24c00000,49000000,1
16631961505177,52c00000,49600000,1
16631961718377,28c00000,49400000,1
16631962107006,2cc00000,49800000,1
16631962320637,56c00000,49a00000,1
16631962714526,5ac00000,49e00000,1
16631962937514,30c00000,49c00000,1
16631963334909,34c00000,4a000000,1
16631963565812,5ec00000,4a200000,1
16631963964981,38c00000,4a400000,1
16631964187789,62c00000,4a600000,1
16631964582510,14e00000,4a800000,1
16631964813523,3ee00000,4aa00000,1
