16628667015672,5fe00000,19800000,1
16628667299053,85e00000,19a00000,1
16628667616058,63e00000,1a000000,1
16628667891455,89e00000,1a200000,1
16628668195735,8de00000,1a600000,1
16628668468607,67e00000,1aa00000,1
16628668770253,6be00000,1b200000,1
16628669043285,91e00000,1b400000,1
16628669359007,6fe00000,1b600000,1
16628669644072,95e00000,1be00000,1
16628669958141,99e00000,1c200000,1
16628670240120,73e00000,1c400000,1
16628675446727,77e00000,1ca00000,1
16628675722334,9de00000,1cc00000,1
16628676026634,a1e00000,1ce00000,1
16628676304776,7be00000,1d200000,1
16628676606342,7fe00000,1d600000,1
16628676881738,a5e00000,1da00000,1
16628677185368,5c000000,19000000,1
16628677497874,82000000,19200000,1
16628677983916,60000000,19400000,1
16628678290972,86000000,19600000,1
16628678775611,64000000,19c00000,1
16628679082006,8a000000,19e00000,1
16628679582324,68000000,1a400000,1
16628679912403,8e000000,1a800000,1
16628680400980,6c000000,1ac00000,1
16628680716241,92000000,1b000000,1
16628681208565,96000000,1ba00000,1
16628681522363,70000000,1b800000,1
16628686755289,9a000000,1c000000,1
16628687065150,74000000,1bc00000,1
16628687551342,78000000,1c600000,1
16628687860933,9e000000,1c800000,1
16628688345151,a2000000,1d000000,1
16628688653389,7c000000,1d400000,1
16628689135734,80000000,1d800000,1
16628689443071,a6000000,1dc00000,1
16628689917911,5c200000,1de00000,1
16628690232622,82200000,1e000000,1
16628690723152,60200000,1e200000,1
16628691037472,86200000,1e400000,1
16628691548590,64200000,3a800000,1
16628691869021,8a200000,3aa00000,1
16628692356185,68200000,3ac00000,1
16628692673210,8e200000,3ae00000,1
16628693165493,6c200000,3b000000,1
16628693482207,92200000,3b200000,1
16628698836942,96200000,3b600000,1
16628699149899,70200000,3b400000,1
16628699635910,74200000,3b800000,1
16628699942926,9a200000,3ba00000,1
16628700422596,9e200000,3be00000,1
16628700728520,78200000,3bc00000,1
16628701206927,7c200000,3c000000,1
16628701512530,a2200000,3c200000,1
16628701992631,80200000,3c400000,1
16628702305237,a6200000,3c600000,1
16628702784366,5c400000,3c800000,1
16628703099257,82400000,3ca00000,1
16628703605126,60400000,3cc00000,1
16628703938211,86400000,3ce00000,1
16628704430203,64400000,3d000000,1
16628704749813,8a400000,3d200000,1
16628705244230,68400000,3d400000,1
16628705564381,8e400000,3d600000,1
16628710824047,6c400000,3d800000,1
16628711131654,92400000,3da00000,1
16628711619469,96400000,3de00000,1
16628711936454,70400000,3dc00000,1
16628712417326,9a400000,3e200000,1
16628712723660,74400000,3e000000,1
16628713202759,78400000,3e400000,1
16628713513091,9e400000,3e600000,1
16628713988533,7c400000,3e800000,1
16628714299867,a2400000,3ea00000,1
16628714790507,80400000,3ec00000,1
16628715104266,a6400000,3ee00000,1
16628715602831,5c600000,3f000000,1
16628715935475,82600000,3f200000,1
16628716429421,60600000,3f400000,1
16628716754331,86600000,3f600000,1
16628717252115,8a600000,3fa00000,1
16628717567957,64600000,3f800000,1
16628722793269,68600000,3fc00000,1
16628723103551,8e600000,3fe00000,1
16628723591606,6c600000,40000000,1
16628723908050,92600000,40200000,1
16628724394412,96600000,40600000,1
16628724705496,70600000,40400000,1
16628725185265,74600000,40800000,1
16628725492582,9a600000,40a00000,1
16628725969226,78600000,40c00000,1
16628726274689,9e600000,40e00000,1
16628726752385,7c600000,41000000,1
16628727058449,a2600000,41200000,1
16628727559128,80600000,41400000,1
16628727879660,a6600000,41600000,1
16628728365341,5c800000,41800000,1
16628728690741,82800000,41a00000,1
16628729184708,86800000,41e00000,1
16628729501742,60800000,41c00000,1
16628734679685,64800000,42000000,1
16628734897403,8a800000,42200000,1
16628735292154,68800000,42400000,1
16628735518809,8e800000,42600000,1
16628735910674,6c800000,42800000,1
16628736126008,92800000,42a00000,1
16628736511431,70800000,42c00000,1
16628736724921,96800000,42e00000,1
16628737111957,9a800000,43200000,1
16628737326089,74800000,43000000,1
16628737708827,9e800000,43600000,1
16628737921486,78800000,43400000,1
16628738321115,7c800000,43800000,1
16628738542952,a2800000,43a00000,1
16628738938474,80800000,43c00000,1
16628739160320,a6800000,43e00000,1
16628739555130,5ca00000,44000000,1
16628739792616,82a00000,44200000,1
