100	1000	14.3883	15.9959
200	1000	30.2256	30.0721
300	1000	42.7007	44.8402
400	1000	60.8678	60.9632
500	1000	75.6019	75.77
600	1000	90.2135	88.5769
700	1000	105.205	99.882
800	1000	118.147	114.543
900	1000	134.904	133.897
1000	1000	150.484	144.403
1100	1000	157.069	172.057
1200	1000	170.603	198.177
1300	1000	183.506	218.616
1400	1000	204.383	243.317
1500	1000	219.858	267.444
1600	1000	224.084	286.422
1700	1000	253.508	330.381
1800	1000	259.985	341.642
1900	1000	277.858	347.99
2000	1000	291.477	377.777

