100	1000	20.1721	21.2809
200	1000	38.4804	41.4927
300	1000	57.5365	57.71
400	1000	75.8543	76.271
500	1000	93.2332	92.6837
600	1000	115.611	111.416
700	1000	123.816	133.501
800	1000	143.889	149.825
900	1000	156.022	160.765
1000	1000	175.536	366.665
1100	1000	189.008	5659.11
1200	1000	208.947	20391.8
1300	1000	226.171	33651.6
1400	1000	246.306	47252.3
1500	1000	256.293	99565.5
1600	1000	274.774	130286
1700	1000	289.645	162494
1800	1000	304.772	191294
1900	1000	320.261	221164
2000	1000	334.622	251455

