100	1000	11.5195	11.581
200	1000	22.1783	22.7729
300	1000	33.1112	31.103
400	1000	44.1674	44.2644
500	1000	55.4347	54.4169
600	1000	65.5002	62.4271
700	1000	74.1059	76.328
800	1000	83.6587	90.003
900	1000	94.3918	100.279
1000	1000	111.027	158.503
1100	1000	133.405	288.225
1200	1000	132.996	365.545
1300	1000	135.577	680.203
1400	1000	145.522	1386.22
1500	1000	167.423	11357.7
1600	1000	166.742	42793.5
1700	1000	176.969	43481.5
1800	1000	190.671	45563.2
1900	1000	210.882	48769.7
2000	1000	223.502	52672.7

