21112650204628,be000000,6dc00000,1
21112650814272,56000000,6d800000,1
21112651619101,5a000000,6da00000,1
21112652516725,56200000,6de00000,1
21112653372941,5a200000,6e000000,1
21112654704568,56400000,6e200000,1
21112656119442,5a400000,6e400000,1
21112657463192,56600000,6e600000,1
21112658837269,5a600000,6e800000,1
21112659968000,56800000,6ea00000,1
21112661066370,5a800000,6ec00000,1
21112662147428,56a00000,6ee00000,1
21112663236380,5aa00000,6f000000,1
21112664154532,56c00000,6f200000,1
21112664705666,5ac00000,6f400000,1
21112665022510,56e00000,6f600000,1
21112666139365,5ae00000,6f800000,1
21112666638361,57000000,6fa00000,1
21112667659055,5b000000,6fc00000,1
21112668043106,57200000,6fe00000,1
21112668942543,5b200000,70000000,1
21112669325230,57400000,70200000,1
21112670278178,5b400000,70400000,1
21112670664152,57600000,70600000,1
21112671590208,5b600000,70800000,1
21112672001690,57800000,70a00000,1
21112672926435,5b800000,70c00000,1
21112673307940,57a00000,70e00000,1
21112674254195,5ba00000,71000000,1
21112674462566,57c00000,71200000,1
21112675670181,5bc00000,71400000,1
21112675877830,57e00000,71600000,1
21112676904786,5be00000,71800000,1
21112677111304,58000000,71a00000,1
21112678358132,5c000000,71c00000,1
21112678762581,58200000,71e00000,1
21112679707753,5c200000,72000000,1
21112679913760,58400000,72200000,1
21112681109883,5c400000,72400000,1
21112681499885,5c600000,72800000,1
21112682518936,5e000000,72a00000,1
21112682911102,5e200000,72c00000,1
21112684427656,5e400000,72e00000,1
21112684638020,5e600000,73000000,1
21112685559940,5e800000,73200000,1
21112685940463,5ea00000,73400000,1
21112687112081,5ec00000,73600000,1
21112687319590,5ee00000,6dc00000,1
21112688258431,5f000000,6d800000,1
21112689105820,5f200000,6da00000,1
21112690036375,5f400000,6de00000,1
21112690437087,5f600000,6e000000,1
21112691338738,5f800000,6e200000,1
21112692104294,5fa00000,6e400000,1
21112693404583,5fc00000,6e600000,1
21112694085790,5fe00000,6e800000,1
21112694794630,60000000,6ea00000,1
21112695476890,60200000,6ec00000,1
21112696157175,60400000,6ee00000,1
21112696847540,60600000,6f000000,1
21112698281720,56000000,6f400000,2
21112698974319,5a000000,6f600000,2
21112699655817,56200000,6fa00000,2
21112700416194,5a200000,6f800000,2
21112701138999,56400000,6fe00000,2
21112701869449,5a400000,6fc00000,2
21112702603296,56600000,70200000,2
21112703347692,5a600000,70000000,2
21112704066640,56800000,70600000,2
21112704794035,5a800000,70400000,2
21112705527530,56a00000,70a00000,2
21112706257429,5aa00000,70800000,2
21112706984713,56c00000,70e00000,2
21112707679627,5ac00000,70c00000,2
21112708309749,56e00000,71000000,2
21112708529220,5ae00000,71200000,2
21112709437133,5b000000,71600000,2
21112709839277,57000000,71400000,2
21112710758772,57200000,71800000,2
21112711151919,5b200000,71a00000,2
21112712024215,57400000,71e00000,2
21112712411381,5b400000,71c00000,2
21112713288166,57600000,72000000,2
21112713493852,5b600000,72200000,2
21112714444044,57800000,72800000,2
21112714653166,5b800000,72400000,2
21112715588210,57a00000,72c00000,2
21112715985415,5ba00000,72a00000,2
21112716851980,57c00000,72e00000,2
21112717258462,5bc00000,73000000,2
21112718188256,57e00000,73400000,2
21112718397980,5be00000,73200000,2
21112719372738,58000000,73600000,2
21112719579666,5c000000,6dc00000,2
21112720537813,58200000,6da00000,2
21112720941741,5c200000,6d800000,2
21112721847630,58400000,6e000000,2
21112722083011,5c400000,6de00000,2
21112723034546,5c600000,6e200000,2
21112723240813,be000000,6e400000,2
21112723974329,5e000000,6e600000,2
21112724180215,5e200000,6e800000,2
21112725161996,5e400000,6ea00000,2
21112725549593,5e600000,6ec00000,2
21112726542155,5e800000,6ee00000,2
21112726749153,cyclic_thrashing_detected,47
21112726749714,5ea00000,6f000000,2
21112727682453,60200000,70a00000,2
21112727887598,60400000,70800000,2
21112729268749,60600000,70e00000,2
21112730566282,56000000,71000000,3
21112730960973,5a000000,71200000,3
21112731167540,56200000,71400000,3
21112732280788,5a200000,71600000,3
21112732660069,56400000,71a00000,3
21112732865955,5a400000,71800000,3
21112734010392,56600000,71c00000,3
21112734448975,5a600000,71e00000,3
21112734676972,56800000,72000000,3
21112734886555,5a800000,72200000,3
21112736092928,56a00000,72800000,3
21112736732097,5aa00000,72400000,3
21112738011086,56c00000,72a00000,3
21112738727259,5ac00000,72c00000,3
21112739926137,56e00000,73000000,3
21112740558463,5ae00000,72e00000,3
21112741718399,5b000000,73200000,3
21112742371153,57000000,73400000,3
21112743530798,57200000,73600000,3
21112743936559,5b200000,6dc00000,3
21112744967733,57400000,6d800000,3
21112745179019,5b400000,6da00000,3
21112746089397,57600000,6e000000,3
21112746303569,5b600000,6de00000,3
21112747227932,57800000,6e200000,3
21112747436373,5b800000,6e400000,3
21112748408617,57a00000,6e600000,3
21112748625373,5ba00000,6e800000,3
21112749597046,57c00000,6ec00000,3
21112749806539,5bc00000,6ea00000,3
21112750770627,57e00000,6ee00000,3
21112750976403,5be00000,6f000000,3
21112751989854,58000000,70a00000,3
21112752195880,5c000000,70800000,3
21112753443741,58200000,70c00000,3
21112753855994,5c200000,6f200000,3
21112755257502,cyclic_thrashing_detected,47
21112755259907,60200000,70e00000,3
21112755702788,58400000,71200000,3
21112757027322,5c400000,71400000,3
21112757432762,60400000,71000000,3
21112758785159,5c600000,71800000,3
21112759188575,60600000,71600000,3
21112761983828,be000000,72200000,3
21112762434253,56000000,71e00000,4
21112763537031,5a000000,72000000,4
21112763746885,56200000,72800000,4
21112764709741,5a200000,72400000,4
21112764930515,56400000,72a00000,4
21112765783986,5a400000,72c00000,4
21112765989441,56600000,73000000,4
21112766885321,5a600000,72e00000,4
21112767298316,56800000,73200000,4
21112768124335,5a800000,73400000,4
21112768527692,56a00000,73600000,4
21112769395429,5aa00000,6dc00000,4
21112769603549,56c00000,6d800000,4
21112770541669,5ac00000,6da00000,4
21112770934065,56e00000,6e000000,4
21112771813184,5ae00000,6de00000,4
21112772496465,57000000,6e200000,4
21112773178685,5b000000,6e400000,4
21112774239915,57200000,6e600000,4
21112774947402,5b200000,6e800000,4
21112775660249,57400000,6ec00000,4
21112776358709,5b400000,6ea00000,4
21112776789678,57600000,6ee00000,4
21112777495892,5b600000,6f000000,4
21112778224378,57800000,70a00000,4
21112778936765,5b800000,70800000,4
21112779648800,57a00000,70c00000,4
21112780369532,5ba00000,6f200000,4
21112781023017,57c00000,70e00000,4
21112781752015,5bc00000,71200000,4
21112782456426,57e00000,71400000,4
21112783149005,cyclic_thrashing_detected,47
21112783149576,5be00000,71000000,4
21112783546270,58000000,71800000,4
21112784475012,5c000000,71600000,4
21112784879501,58200000,71a00000,4
21112785767636,5c200000,71c00000,4
21112786155604,58400000,72200000,4
21112787082903,5c400000,71e00000,4
21112787470781,5c600000,72800000,4
21112788400054,56000000,72400000,5
21112788789745,5e000000,72a00000,3
21112789809257,56200000,72c00000,5
21112790013450,5e200000,73000000,3
21112790998758,56400000,72e00000,5
21112791382688,5e400000,73200000,3
21112792395878,56600000,73400000,5
21112792602816,5e600000,73600000,3
21112793548360,56800000,6dc00000,5
21112793931899,5e800000,6d800000,3
21112794837127,56a00000,6da00000,5
21112795235213,5ea00000,6e000000,3
21112796160599,56c00000,6de00000,5
21112796970057,56e00000,6e200000,5
21112797188737,57000000,6e400000,5
21112797928795,60200000,6e600000,4
21112798649167,60400000,6e800000,4
21112799351073,60600000,6ec00000,4
21112800805822,5a000000,6ee00000,5
21112801505033,5a200000,6f000000,5
21112802228530,5a400000,70a00000,5
21112802939123,5a600000,70800000,5
21112804308471,5a800000,70c00000,5
21112804844807,5aa00000,6f200000,5
21112805534350,5ac00000,70e00000,5
21112806262185,5ae00000,71200000,5
21112806955947,5b000000,71400000,5
21112807646001,57200000,71800000,5
21112808344922,5b200000,71000000,5
21112809150112,57400000,71a00000,5
21112809881143,5b400000,71600000,5
21112810858847,57600000,72200000,5
21112811563078,5b600000,71c00000,5
21112812271055,57800000,72800000,5
21112813041070,5b800000,71e00000,5
21112813753726,57a00000,72a00000,5
21112814537356,5ba00000,72400000,5
21112815262897,57c00000,72c00000,5
21112815967428,5bc00000,73000000,5
21112816677240,5be00000,72e00000,5
21112817383234,cyclic_thrashing_detected,47
21112817383815,57e00000,73200000,5
21112818096742,58000000,73400000,5
21112818813526,5c000000,73600000,5
21112819520362,58200000,6d800000,5
21112820305194,5c200000,6dc00000,5
21112821027419,58400000,6e000000,5
21112821418692,5c400000,6da00000,5
21112822355600,5c600000,6de00000,5
21112822571134,be000000,6e400000,4
21112823347260,56000000,6e200000,6
21112823746007,56200000,6e600000,6
21112824670001,56400000,6e800000,6
21112824874344,56600000,6ec00000,6
21112825835036,56800000,72000000,6
21112826038928,56a00000,6ee00000,6
21112827015440,56c00000,6f000000,6
21112827220364,56e00000,70a00000,6
21112828189321,57000000,70800000,6
21112829468901,5e000000,6f200000,4
21112829865415,5e200000,70e00000,4
21112830779620,5e400000,71200000,4
21112831797298,5e600000,71400000,4
21112832258774,5e800000,71800000,4
21112832478686,5ea00000,71000000,4
21112833201201,57200000,71a00000,6
21112833909911,57400000,71600000,6
21112834631734,60200000,72200000,5
21112835355662,60400000,71c00000,5
21112836068048,60600000,72800000,5
21112836765416,5a000000,71e00000,6
21112837472062,5a200000,72a00000,6
21112838174269,5a400000,72400000,6
21112838923634,5a600000,72c00000,6
21112839680464,5a800000,73000000,6
21112840833737,5aa00000,72e00000,6
21112841508031,5ac00000,73200000,6
21112842229495,5ae00000,73400000,6
21112842930259,5b000000,73600000,6
21112843614462,5b200000,6d800000,6
21112844291863,5b400000,6dc00000,6
21112845411873,57600000,6da00000,6
21112846139538,5b600000,6e000000,6
21112846868165,57800000,6de00000,6
21112847596040,5b800000,6e400000,6
21112848320609,57a00000,6e600000,6
21112849037453,5ba00000,6e200000,6
21112849773454,57c00000,6e800000,6
21112850512811,5bc00000,6ec00000,6
21112851255694,57e00000,72000000,6
21112851977959,cyclic_thrashing_detected,47
21112851978510,5be00000,6ee00000,6
21112852686668,58000000,6f000000,6
21112853407099,5c000000,70a00000,6
21112854136547,58200000,6ea00000,6
21112854931238,5c200000,70800000,6
21112855660355,58400000,70e00000,6
21112855867293,5c400000,6f200000,6
21112857189263,5c600000,71200000,6
21112858827485,be000000,71000000,5
21112859820708,56000000,71800000,7
21112860131651,56200000,71a00000,7
21112861281408,56400000,71600000,7
21112861763462,56600000,72200000,7
21112862953073,56800000,71c00000,7
21112863259177,56a00000,72800000,7
21112864405788,56c00000,71e00000,7
21112864895637,56e00000,72a00000,7
21112865954392,57000000,72400000,7
21112866452737,57200000,72c00000,7
21112867412788,57400000,73000000,7
21112867805705,5e000000,72e00000,5
21112868734907,5e200000,73200000,5
