17340747577146,4a000000,6da00000,1
17340748298048,3e000000,6d600000,1
17340749222622,42000000,6d800000,1
17340750190257,3e200000,6dc00000,1
17340751056722,42200000,6de00000,1
17340751963112,3e400000,6e000000,1
17340752792728,42400000,6e200000,1
17340753605543,3e600000,6e400000,1
17340754413649,42600000,6e600000,1
17340755226162,3e800000,6e800000,1
17340756076517,42800000,6ea00000,1
17340756853996,3ea00000,6ec00000,1
17340757712115,42a00000,6ee00000,1
17340758542082,3ec00000,6f000000,1
17340759958538,42c00000,6f200000,1
17340760934629,3ee00000,6f400000,1
17340761377059,42e00000,6f600000,1
17340762650638,3f000000,6f800000,1
17340763226738,43000000,6fa00000,1
17340764578243,3f200000,6fc00000,1
17340765288365,43200000,6fe00000,1
17340766765906,3f400000,70000000,1
17340767355091,43400000,70200000,1
17340769005346,3f600000,70400000,1
17340769587809,43600000,70600000,1
17340770891033,3f800000,70800000,1
17340771296864,43800000,70a00000,1
17340772640564,3fa00000,70c00000,1
17340773257451,43a00000,70e00000,1
17340774472871,3fc00000,71000000,1
17340774885485,43c00000,71200000,1
17340776173591,3fe00000,71400000,1
17340776788705,43e00000,71600000,1
17340778056332,40000000,71800000,1
17340778492991,44000000,71a00000,1
17340779416593,40200000,71c00000,1
17340779622470,44200000,71e00000,1
17340780531184,40400000,72000000,1
17340780738332,44400000,72200000,1
17340781735202,40600000,72400000,1
17340781946388,44600000,72600000,1
17340783096054,46000000,72c00000,1
17340784005460,46200000,72e00000,1
17340784399028,46400000,73000000,1
17340785326859,46600000,73200000,1
17340785702413,46800000,73400000,1
17340787018491,46a00000,73600000,1
17340787472022,46c00000,6da00000,1
17340788651033,46e00000,6d600000,1
17340789069809,47000000,6d800000,1
17340790397709,47200000,6dc00000,1
17340790806476,47400000,6de00000,1
17340792129087,47600000,6e000000,1
17340792717831,47800000,6e200000,1
17340794131452,47a00000,6e400000,1
17340794779127,47c00000,6e600000,1
17340796100896,47e00000,6e800000,1
17340796805818,48000000,6ea00000,1
17340797611840,48200000,6ec00000,1
17340798415607,48400000,6ee00000,1
17340799226829,48600000,6f000000,1
17340800848500,3e000000,6f400000,2
17340801626219,42000000,6f600000,2
17340802637165,3e200000,6fa00000,2
17340803633895,42200000,6f800000,2
17340804633570,3e400000,6fe00000,2
17340805635369,42400000,6fc00000,2
17340806511291,3e600000,70200000,2
17340807302606,42600000,70000000,2
17340808085043,42800000,70400000,2
17340808876217,3e800000,70600000,2
17340809719899,3ea00000,70800000,2
17340810492208,42a00000,70a00000,2
17340811315302,3ec00000,70e00000,2
17340812164595,42c00000,70c00000,2
17340813221767,3ee00000,71000000,2
17340813841370,cyclic_thrashing_detected,48
17340813842512,42e00000,71200000,2
17340814161330,3fc00000,73000000,2
17340815073430,43c00000,72e00000,2
17340815445668,3fe00000,73400000,2
17340816420457,43e00000,73200000,2
17340816796733,40000000,73600000,2
17340817779736,44000000,6da00000,2
17340818152586,40200000,6d600000,2
17340819069846,44200000,6d800000,2
17340819275371,40400000,6dc00000,2
17340820272311,44400000,6de00000,2
17340820661060,40600000,6e200000,2
17340821599581,44600000,6e000000,2
17340821984212,4a000000,6e600000,2
17340822712989,46000000,6e800000,2
17340823103682,46200000,6ea00000,2
17340824367522,46400000,6ec00000,2
17340824744930,46600000,6ee00000,2
17340825657071,46800000,6f000000,2
17340826063032,46a00000,72a00000,2
17340826962970,46c00000,6f400000,2
17340827177352,46e00000,6f600000,2
17340828029210,47000000,6fa00000,2
17340828234264,47200000,6f800000,2
17340829189827,47400000,6fe00000,2
17340829568196,47600000,6fc00000,2
17340830484455,47800000,70200000,2
17340830864718,47a00000,70000000,2
17340832340426,47c00000,70400000,2
17340833902365,47e00000,70600000,2
17340834851125,48000000,70800000,2
17340835968320,48200000,70a00000,2
17340837067341,48400000,70e00000,2
17340838160121,48600000,70c00000,2
17340840822845,3f000000,71600000,2
17340841794247,43000000,71400000,2
17340842394283,3f200000,71a00000,2
17340843592209,43200000,71800000,2
17340844008550,3f400000,71c00000,2
17340845261871,43400000,71e00000,2
17340845870462,43600000,72200000,2
17340846993358,3f600000,72000000,2
17340847627137,3f800000,72400000,2
17340848785149,43800000,72600000,2
17340849387559,3fa00000,72800000,2
17340850250888,43a00000,72c00000,2
17340850658994,3e000000,71200000,3
17340851463523,42000000,73000000,3
17340852155841,3e200000,73400000,3
17340852887313,42200000,72e00000,3
17340853538985,3e400000,73600000,3
17340854242825,42400000,73200000,3
17340854942468,3e600000,6d600000,3
17340855790147,42600000,6da00000,3
17340856419668,3e800000,6d800000,3
17340856916089,42800000,6dc00000,3
17340857137384,3ea00000,6e200000,3
17340858039106,42a00000,6de00000,3
17340858413177,3ec00000,6e600000,3
17340859413814,42c00000,6e000000,3
17340859786964,3ee00000,6ea00000,3
17340860773945,cyclic_thrashing_detected,48
17340860774636,42e00000,6e800000,3
17340860984119,4a000000,70400000,3
17340861748052,46000000,70600000,3
17340861953167,46200000,70800000,3
17340862934778,46400000,70a00000,3
17340863140463,46600000,70e00000,3
17340864140309,46800000,70c00000,3
17340864526393,46a00000,6e400000,3
17340864914170,46c00000,6f200000,3
17340865336232,46e00000,71600000,3
17340866885177,3f000000,71400000,3
17340867295757,47000000,71a00000,3
17340867908356,3f200000,71800000,3
17340869476718,47200000,71c00000,3
17340869886777,3f400000,71e00000,3
17340870509905,47400000,72200000,3
17340871946991,47600000,72000000,3
17340872550493,3f600000,72400000,3
17340872957917,3f800000,72600000,3
17340874356470,47800000,72800000,3
17340874563979,3fa00000,72c00000,3
17340874978937,47a00000,71200000,3
17340876119457,47c00000,73000000,3
17340876325683,47e00000,73400000,3
17340876740121,48000000,72e00000,3
17340877961511,48200000,73600000,3
17340878168099,48400000,73200000,3
17340878582236,48600000,6d600000,3
17340881245461,42000000,6e200000,4
17340881988705,3e000000,6dc00000,4
17340883002156,3e200000,6e600000,4
17340883923734,42200000,6de00000,4
17340884919061,42400000,6e000000,4
17340885812256,3e400000,6ea00000,4
17340886709569,3fc00000,6ee00000,3
17340887418819,43c00000,6ec00000,3
17340888144180,3fe00000,72a00000,3
17340888824436,43e00000,6f000000,3
17340889149105,40000000,6f400000,3
17340889458805,44000000,6f600000,3
17340890519395,40200000,6fa00000,3
17340890823745,44200000,6f800000,3
17340891983340,40400000,6fc00000,3
17340892287791,44400000,6fe00000,3
17340893867554,40600000,70000000,3
17340894181102,44600000,70200000,3
17340895109203,3e600000,6e800000,4
17340895322173,42600000,70400000,4
17340896562659,3e800000,70600000,4
17340897009608,42800000,70800000,4
17340898185543,3ea00000,70a00000,4
17340898799805,42a00000,70e00000,4
17340900098601,46a00000,6f200000,4
17340900553424,cyclic_thrashing_detected,48
17340900554406,3ec00000,6e400000,4
17340901782149,43400000,72800000,3
17340902422520,47400000,72c00000,4
17340903402147,43600000,73000000,3
17340904085168,47600000,73400000,4
17340904854692,3f600000,72e00000,4
17340905656756,3f800000,6d600000,4
17340905862341,43800000,73600000,3
17340906877505,47800000,73200000,4
17340907253150,3fa00000,6d800000,4
17340908283132,43a00000,6da00000,3
17340908674766,47a00000,71000000,4
17340909699308,47c00000,6e200000,4
17340910614605,47e00000,6dc00000,4
17340911368168,48000000,6e600000,4
17340911576168,48200000,6de00000,4
17340912719993,48400000,6e000000,4
17340913326070,48600000,6ea00000,4
17340916895224,4a000000,6f600000,4
17340917682982,3e000000,6f000000,5
17340918569605,42000000,6f400000,5
17340919509538,3e200000,6fa00000,5
17340920474427,42200000,6f800000,5
17340921502686,3e400000,6fc00000,5
17340922234469,42400000,6fe00000,5
17340922786354,3fc00000,70000000,4
17340922998021,43c00000,70200000,4
17340923900974,3fe00000,6e800000,4
17340924275978,43e00000,70400000,4
17340925225238,40000000,70600000,4
17340925601614,44000000,70800000,4
17340926574759,40200000,70a00000,4
17340927324716,44200000,70e00000,4
17340928065225,42c00000,70c00000,4
17340928811003,46c00000,71600000,4
17340929206926,3ee00000,71800000,4
17340930133484,42e00000,71400000,4
17340930532001,46e00000,71a00000,4
17340930927964,3f000000,72200000,4
17340932056180,43000000,71c00000,3
17340932469405,47000000,71e00000,4
17340932871198,3f200000,72400000,4
17340933929183,43200000,72600000,3
17340934346145,47200000,72000000,4
17340934757967,3f400000,71200000,4
17340935806283,40400000,6f200000,4
17340936190845,44400000,6e400000,4
17340937111672,40600000,72800000,4
17340937819079,44600000,72c00000,4
17340938514523,46000000,73000000,4
17340939213774,46200000,73400000,4
17340939419881,46400000,72e00000,4
17340940326521,3e600000,6d600000,5
17340940530444,46600000,73600000,4
17340941450219,3e800000,73200000,5
17340941667867,46800000,6d800000,4
17340942523442,3ea00000,6da00000,5
17340942899507,46a00000,71000000,5
17340943781932,3ec00000,6e200000,5
17340944157657,47400000,6dc00000,5
17340945100045,47600000,6de00000,5
17340945484626,cyclic_thrashing_detected,48
17340945485387,3f600000,6e600000,5
17340946455617,3e000000,70000000,6
17340947068867,42000000,70200000,6
17340947287818,3e200000,70400000,6
17340947719187,cyclic_thrashing_detected,48
17340947719618,42200000,6e800000,6
17340948610138,47000000,72400000,5
17340948813620,3f200000,72600000,5
17340949815489,43200000,72000000,4
17340950562971,47200000,71200000,5
17340951337053,3f400000,6e400000,5
17340952078844,43400000,6f200000,4
17340952890446,43600000,72800000,4
17340953106171,43800000,72c00000,4
17340954035444,43a00000,73000000,4
17340954245558,3fc00000,73400000,5
17340955160694,43c00000,72e00000,5
17340955370978,3fe00000,6d600000,5
17340956280144,43e00000,73600000,5
17340956954759,40000000,73200000,5
17340957647659,44000000,6d800000,5
17340957857352,40200000,71000000,5
17340958727524,44200000,6da00000,5
17340958933119,40400000,6dc00000,5
17340959853786,44400000,6e200000,5
17340960074150,3f800000,6e000000,5
17340960897574,47800000,6ea00000,5
17340961298616,3fa00000,6ee00000,5
17340962202972,47a00000,6ec00000,5
17340962593094,47c00000,72a00000,5
17340963598169,47e00000,6f600000,5
17340964277383,48000000,6f000000,5
17340964990370,48200000,6f400000,5
17340965745527,48400000,6fa00000,5
17340966460768,48600000,6f800000,5
17340968010575,40600000,6e600000,5
17340968745423,44600000,6de00000,5
17340970814093,4a000000,70400000,5
17340971033745,42400000,70600000,6
17340972081671,3e400000,70800000,6
17340972688829,42600000,70a00000,5
17340973811455,42800000,70e00000,5
17340974763851,42a00000,70c00000,5
17340975569041,42c00000,71600000,5
17340976232606,46c00000,71800000,5
17340976949891,3ee00000,71400000,5
17340977653972,42e00000,71a00000,5
17340978060715,46e00000,72200000,5
17340978933872,3f000000,71c00000,5
17340979596044,43000000,71e00000,4
17340980196460,3e000000,70200000,7
17340980583476,cyclic_thrashing_detected,48
17340980584017,42000000,6e800000,7
17340981668952,43800000,73600000,5
17340982552279,43a00000,73200000,5
17340983425527,3fc00000,6d800000,6
17340984307631,43c00000,71000000,6
17340984603967,3fe00000,6da00000,6
17340985712867,43e00000,6dc00000,6
17340986009022,40000000,6e200000,6
17340986489814,44000000,6e000000,6
17340987767460,40200000,6ea00000,6
17340988063596,44200000,6ee00000,6
17340989497605,40400000,6ec00000,6
17340990497791,44400000,72a00000,6
17340991496104,46000000,6f600000,5
17340991910701,46200000,6f000000,5
17340992938098,46400000,6f400000,5
17340993152621,46600000,6fa00000,5
17340994094928,46800000,6f800000,5
17340994310402,46a00000,6fc00000,6
17340995186155,47000000,6e600000,6
17340995557361,47200000,6de00000,6
17340996504557,47400000,6fe00000,6
17340996885071,47600000,70000000,6
17340997904323,3f800000,70400000,6
17340998912684,47800000,70600000,6
