1000					
1100	230.9733	231.7074	233.3885	233.3078	233.6558
1200	269.9905	264.1404	269.51525	267.9328	267.3328
1300	299.2589	303.3002	302.11525	303.356	305.4758
1400	339.3102	337.9342	338.94475	338.1786	337.71
1500	364.6593	370.1778	370.18075	371.4762	372.2424
1600	405.4711	404.4224	404.883	404.3462	405.3854
1700	427.0479	437.3562	439.07525	439.6262	439.4506
1800	473.0261	471.0894	471.48225	471.6206	472.2518
1900	493.3971	504.2932	506.6815	507.0086	504.7574
2000	541.5908	542.1882	541.28975	540.7022	539.9482

