1000					
1100	1898.417	1794.224	1667.88	1601.136	1549.636
1200	2067.25	1973.262	2075.995	1800.662	1792.454
1300	2250.787	2145.264	2286.6325	2011.858	1995.334
1400	2406.721	2591.368	2494.015	3036.516	2476.874
1500	4912.766	4494.036	4368.3	3896.45	3226.786
1600	5249.744	5004.29	4705.4675	4224.632	4326.806
1700	5593.387	5316.334	5064.81	4548.7	4927.15
1800	5906.535	5623.996	5371.185	4811.042	5271.068
1900	6233.224	5960.152	5709.345	5192.088	5565.942
2000	6577.105	6273.89	6013.7725	5514.628	6051.478

