1000					
1100	6419.62	5374.986	7217.224	18122.1	6896.118
1200	21426.84	19222.96	20996.24	43156.24	29568.74
1300	35976.23	40367.96	45863.6	62558.6	51328.68
1400	86245.1	76624.76	73671.26	86735.04	79577.8
1500	112316.9	104157.8	97913.7	107957.6	107195.6
1600	146327.1	128520.2	128311.4	147831.2	133878.2
1700	176644.1	160451.4	151132.8	174946.2	163922.8
1800	209631.6	194128.4	188411.2	207243.6	203356.8
1900	242557.4	232104.8	227522	238405.4	229855.2
2000	272584.3	258902.4	258546.8	273730.2	267420

