1000					
1100	390.7965	388.2644	393.5092	392.5626	393.7682
1200	501.5376	456.0404	457.7402	463.2206	462.5236
1300	898.0944	853.2198	2262.682	2809.75	785.7822
1400	1799.982	1595.65	4002.738	5077.28	1537.296
1500	12912.6	9921.226	10461.22	7999.184	11489.9
1600	52268.41	48254.16	50256.62	42698.18	51257.06
1700	82374.56	65358.42	80735.6	70286.24	81268.96
1800	98488.4	107395.4	111663	96485.44	111006
1900	132228.72	137938.8	140903.2	121221.28	141130.6
2000	161746.4	169502	172621.2	146760.12	172574.8

