15846968562407,22000000,19200000,1
15846969054750,22200000,19400000,1
15846969588301,22400000,19600000,1
15846970204136,22e00000,1a000000,1
15846970757054,23600000,1a800000,1
15846971347130,23e00000,1b200000,1
15846971926437,22800000,19a00000,1
15846972431675,22a00000,19c00000,1
15846973075593,22c00000,19e00000,1
15846973767210,23c00000,1b000000,1
15846974454008,24000000,1b400000,1
15846975156336,24600000,1ba00000,1
15846975606610,26000000,1bc00000,1
15846976315400,22600000,19800000,1
15846976730428,23000000,1a200000,1
15846977234915,23400000,1a600000,1
15846977903028,23a00000,1ac00000,1
15846978444013,24200000,1b600000,1
15846978991510,24400000,1b800000,1
15846979492439,26400000,1c000000,1
15846980235643,27e00000,1ce00000,1
15846980931759,23800000,1aa00000,1
15846981334284,26200000,1be00000,1
15846982041932,26c00000,1c400000,1
15846982863002,26e00000,1c600000,1
15846983628127,27000000,1c800000,1
15846984487739,27600000,1de00000,1
15846985184827,27c00000,1cc00000,1
15846985885020,28000000,1d000000,1
15846986624798,26800000,1d800000,1
15846987280588,26a00000,1c200000,1
15846988169085,27400000,1dc00000,1
15846988967472,27a00000,1e000000,1
15846989746073,28200000,1d200000,1
15846990488986,28400000,1d400000,1
15846991251036,28600000,1d600000,1
15846991934949,26600000,1e200000,1
15846992588034,27800000,1ca00000,1
15846993329184,23200000,1a400000,1
15846993683969,27200000,1da00000,1
15846994320994,2a000000,19000000,1
15846994544704,2a200000,1e400000,1
15846996068923,2a400000,72c00000,1
15846996916904,2a600000,72e00000,1
15846997770615,2a800000,73000000,1
15846998641709,2aa00000,73200000,1
15846999503405,2ac00000,73400000,1
15847000394567,2ae00000,73600000,1
15847001238590,22000000,19400000,2
15847001622601,22200000,19600000,2
15847002043009,22400000,1a000000,2
15847002561492,22e00000,1a800000,2
15847003060277,23600000,1b200000,2
15847003508508,23e00000,19a00000,2
15847003983820,22800000,19c00000,2
15847004389140,22a00000,19e00000,2
15847005023340,23c00000,1b400000,2
15847005627513,22c00000,1b000000,2
15847006111481,24000000,1ba00000,2
15847006782079,24600000,1bc00000,2
15847007211124,26000000,19800000,2
15847014350455,22600000,1a200000,2
15847014980938,23000000,1a600000,2
15847016006432,2b000000,19200000,1
15847017487850,23400000,1ac00000,2
15847017976898,23a00000,1b600000,2
15847018501362,24200000,1b800000,2
15847019323233,24400000,1c000000,2
15847019888303,26400000,1ce00000,2
15847020440860,27e00000,1aa00000,2
15847021060111,23800000,1be00000,2
15847021594073,26200000,1c400000,2
15847022341665,26c00000,1c600000,2
15847023001433,26e00000,1c800000,2
15847023502783,27600000,1cc00000,2
15847023979668,27c00000,1d000000,2
15847024459929,27000000,1de00000,2
15847024854899,28000000,1d800000,2
15847025451118,26a00000,1dc00000,2
15847025838464,26800000,1c200000,2
15847026339675,27400000,1e000000,2
15847026954147,27a00000,1d200000,2
15847027431743,28200000,1d400000,2
15847027962388,28400000,1d600000,2
15847028427741,28600000,1e200000,2
15847028938670,cyclic_thrashing_detected,47
15847028939762,26600000,1ca00000,2
15847029541641,22600000,1a600000,3
15847030189426,23000000,19200000,3
15847030806483,2c000000,19400000,1
15847031733893,23400000,1b600000,3
15847032116240,23a00000,1b800000,3
15847032544594,24400000,1ce00000,3
15847033017461,24200000,1c000000,3
15847033523941,27e00000,1be00000,3
15847034472760,23800000,1c400000,3
15847035002133,26200000,1c600000,3
15847035717676,26400000,1aa00000,3
15847036361844,26c00000,1c800000,3
15847036955538,27600000,1d000000,3
15847037604755,26e00000,1cc00000,3
15847038351396,27c00000,1de00000,3
15847038971710,27000000,1d800000,3
15847039547971,26a00000,1c200000,3
15847040169186,28000000,1dc00000,3
15847040953016,26800000,1e000000,3
15847041481087,27400000,1d200000,3
15847042181120,27a00000,1d400000,3
15847042876394,2c200000,1ac00000,1
15847044060816,28200000,1d600000,3
15847044534544,28400000,1e200000,3
15847045068646,28600000,1ca00000,3
15847045590204,22600000,19200000,4
15847046101213,26600000,1a600000,3
15847046785106,23000000,19400000,4
15847047459320,23400000,1b800000,4
15847048093179,23a00000,1ce00000,4
15847048759950,24400000,1c000000,4
15847049305734,23800000,1c600000,4
15847049860505,24200000,1be00000,4
15847050509742,27e00000,1c400000,4
15847051074041,26200000,1aa00000,4
15847051614264,26400000,1c800000,4
15847052262661,26c00000,1d000000,4
15847052900747,26e00000,1de00000,4
15847053528425,27600000,1cc00000,4
15847054142376,27000000,1c200000,4
15847054665087,27c00000,1d800000,4
15847055248441,26a00000,1dc00000,4
15847055740745,26800000,1d200000,4
15847056297549,27400000,1d400000,4
15847056823576,cyclic_thrashing_detected,47
15847056824067,27a00000,1ac00000,4
15847057298577,28000000,1e000000,4
15847057806630,2c400000,1b600000,1
