15849277493827,02000000,19200000,1
15849277883337,02400000,19600000,1
15849278313083,04c00000,1c000000,1
15849278759150,06400000,1c400000,1
15849279534254,02a00000,19c00000,1
15849279963599,02c00000,19e00000,1
15849280441155,03400000,1a600000,1
15849280897521,03e00000,1b200000,1
15849281427686,02e00000,1a000000,1
15849281913848,03800000,1aa00000,1
15849282452077,04000000,1b400000,1
15849282945743,02200000,19400000,1
15849283413942,02800000,19a00000,1
15849283892770,03000000,1a200000,1
15849284543721,03a00000,1ac00000,1
15849285122737,04200000,1b600000,1
15849285569164,04600000,1ba00000,1
15849286077638,04800000,1bc00000,1
15849286500121,04a00000,1be00000,1
15849287046465,08600000,73400000,1
15849287855102,04400000,1b800000,1
15849288278617,06000000,1ce00000,1
15849289076754,06a00000,1c600000,1
15849289992812,06e00000,1d000000,1
15849290697624,06c00000,1de00000,1
15849291409039,07000000,1e000000,1
15849292231221,07400000,1d400000,1
15849292938077,07800000,1e200000,1
15849293671813,07a00000,1e400000,1
15849294374972,07e00000,72c00000,1
15849295090985,08000000,72e00000,1
15849295798142,08200000,73000000,1
15849296565571,08800000,1ca00000,1
15849297291503,08a00000,73600000,1
15849297857675,08c00000,1cc00000,1
15849298532611,02600000,19800000,1
15849298756070,03200000,1a400000,1
15849299172712,03c00000,1b000000,1
15849299385932,06200000,1d800000,1
15849300217091,06600000,1da00000,1
15849300693715,06800000,1dc00000,1
15849301437921,07200000,1d200000,1
15849301900038,08400000,73200000,1
15849303289935,03600000,1a800000,1
15849303837973,07c00000,1c800000,1
15849304306862,07600000,1d600000,1
15849305138292,0a000000,19000000,1
15849305354988,02000000,19600000,2
15849305796386,02400000,1c000000,2
15849306566471,04c00000,1c400000,2
15849307277094,02c00000,1a600000,2
15849307788623,06400000,19c00000,2
15849308353292,02a00000,19e00000,2
15849308851517,03400000,1b200000,2
15849309378946,03e00000,1a000000,2
15849309986546,04000000,19400000,2
15849310432212,02e00000,1aa00000,2
15849310872839,03800000,1b400000,2
15849311449791,02200000,19a00000,2
15849312011474,03000000,1ac00000,2
15849312520740,02800000,1a200000,2
15849312963400,03a00000,1b600000,2
15849313571370,0a200000,19200000,1
15849314560867,04200000,1ba00000,2
15849314945738,04600000,1bc00000,2
15849315384562,04800000,1be00000,2
15849315853812,04a00000,73400000,2
15849316298456,04400000,1ce00000,2
15849316777685,08600000,1b800000,2
15849317313730,06000000,1c600000,2
15849317753094,06e00000,1de00000,2
15849318276526,06a00000,1d000000,2
15849318802974,06c00000,1e000000,2
15849319320725,07000000,1d400000,2
15849319805404,07400000,1e200000,2
15849320263804,07800000,1e400000,2
15849320744025,07a00000,72c00000,2
15849321236559,07e00000,72e00000,2
15849321714325,08000000,73000000,2
15849322146876,08200000,1ca00000,2
15849322634281,08a00000,19800000,2
15849323163353,03c00000,1da00000,2
15849323575236,08c00000,1a400000,2
15849324185410,02600000,1b000000,2
15849324574440,cyclic_thrashing_detected,47
15849324575061,03200000,1d800000,2
15849325213008,02800000,1b600000,3
15849325702977,03000000,1a200000,3
15849326277555,03a00000,19200000,3
15849326798001,04200000,1bc00000,3
15849327266079,04600000,1be00000,3
15849327760196,04a00000,1ce00000,3
15849328234896,04800000,73400000,3
15849328673880,04400000,1b800000,3
15849329121439,06000000,1de00000,3
15849329693061,08600000,1c600000,3
15849330140210,06e00000,1d000000,3
15849330647101,06a00000,1e000000,3
15849331178768,06c00000,1d400000,3
15849331644822,07000000,1e200000,3
15849332135703,07400000,1e400000,3
15849332452578,07800000,72c00000,3
15849332874128,07a00000,72e00000,3
15849333089071,0a600000,1ba00000,1
15849333568661,07e00000,73000000,3
15849333784546,08000000,1ca00000,3
15849334293791,08200000,19800000,3
15849334519966,03c00000,1a400000,3
15849334980189,08a00000,1da00000,3
15849335246538,08c00000,1b000000,3
15849335811258,02600000,1d800000,3
15849336018206,03200000,1b600000,3
15849336407666,03000000,19200000,4
15849336618382,02800000,1a200000,4
15849337290052,03a00000,1bc00000,4
15849337499294,04200000,1be00000,4
15849338130027,04600000,1ce00000,4
15849338354588,04a00000,73400000,4
15849339004007,04800000,1b800000,4
15849339213910,06000000,1c600000,4
15849339866915,08600000,1d000000,4
15849340096185,04400000,1de00000,4
15849340656056,06a00000,1d400000,4
15849340923046,06e00000,1e000000,4
15849341471375,0a600000,1ca00000,2
15849341650651,06c00000,1e200000,4
15849342149517,07000000,1e400000,4
15849342724556,07a00000,73000000,4
15849343272914,07800000,1ba00000,4
15849343780196,03c00000,1da00000,4
15849344238866,08000000,1a400000,4
15849344929261,cyclic_thrashing_detected,47
15849344929852,07400000,72e00000,4
15849345410213,08200000,1b000000,4
15849345964293,07e00000,19800000,4
15849346422212,08c00000,1b600000,4
15849347015444,02600000,19200000,4
15849347447605,02800000,1bc00000,5
15849347959736,08a00000,1d800000,4
15849348624212,03200000,1a200000,4
15849349053056,04200000,73400000,5
15849349599461,04800000,1d000000,5
15849350163199,04600000,1b800000,5
15849350624474,03000000,1be00000,5
15849351142035,04400000,1d400000,5
15849351702376,04a00000,1c600000,5
15849352329532,06000000,1de00000,5
15849352793413,08600000,1e000000,5
15849353238197,06a00000,1ca00000,5
15849353648426,06e00000,1e200000,5
15849354163042,07000000,73000000,5
15849354613186,03a00000,1ce00000,5
15849355024938,06c00000,1e400000,5
15849355559050,07a00000,1ba00000,5
15849356179394,03c00000,1a400000,5
15849356595274,07400000,1b000000,5
15849357093609,07800000,1da00000,5
15849357587595,cyclic_thrashing_detected,47
15849357588086,08000000,72e00000,5
15849358136555,07e00000,1b600000,5
15849358593823,08c00000,19200000,5
15849358922109,02600000,1bc00000,5
15849359305518,08200000,19800000,5
15849359566157,0a800000,72c00000,1
15849360095189,02800000,1d800000,6
15849360535315,03200000,73400000,5
15849361116114,08a00000,1a200000,5
15849361712773,04200000,1d000000,6
15849362188305,04600000,1be00000,6
15849362714102,04800000,1b800000,6
15849363221794,04400000,1c600000,6
15849363681486,03000000,1d400000,6
15849364240515,04a00000,1de00000,6
15849364805575,06000000,1e000000,6
15849365321102,06a00000,1e200000,6
15849365784972,08600000,1ca00000,6
15849366293816,06e00000,73000000,6
15849366840442,07000000,1ce00000,6
15849367329589,03a00000,1e400000,6
15849367768322,06c00000,1ba00000,6
15849368358359,03c00000,1b000000,6
15849368843058,07a00000,1a400000,6
15849369465666,07400000,1da00000,6
15849369907846,07800000,72e00000,6
15849370372808,cyclic_thrashing_detected,47
15849370373439,08000000,1b600000,6
15849370901830,07e00000,19200000,6
15849371311829,02600000,19800000,6
15849371753528,08200000,1d800000,6
15849372376085,08c00000,72c00000,6
15849372873619,02800000,73400000,7
15849373300439,03200000,1a200000,6
15849373810717,04200000,1be00000,7
15849374261823,08a00000,1d000000,6
15849374831321,04600000,1b800000,7
15849375281145,04800000,1c600000,7
15849375723494,03000000,1de00000,7
15849376182776,04400000,1d400000,7
15849376728670,04a00000,1e000000,7
15849377303558,06000000,1e200000,7
15849377787676,06a00000,1ca00000,7
15849378285320,06e00000,1ce00000,7
15849378600030,08600000,73000000,7
15849379046758,07000000,1e400000,7
15849379271370,0aa00000,1bc00000,1
15849379735190,03a00000,1ba00000,7
15849380166629,06c00000,1b000000,7
15849380872363,03c00000,1a400000,7
15849381349387,07400000,72e00000,7
15849381868712,07a00000,1da00000,7
15849382330899,07e00000,19800000,7
15849382808324,cyclic_thrashing_detected,47
15849382808845,08000000,19200000,7
15849383249161,07800000,1b600000,7
15849383711348,02600000,1d800000,7
15849384254727,08200000,72c00000,7
15849384829576,08c00000,73400000,7
15849385283297,02800000,1a200000,8
15849385689949,03200000,1be00000,7
15849386156745,04200000,1d000000,8
15849386747433,08a00000,1b800000,7
15849387260175,04600000,1c600000,8
15849387757398,04800000,1de00000,8
15849388228381,03000000,1d400000,8
15849388671813,04400000,1e000000,8
15849389470611,04a00000,1e200000,8
15849389999283,06000000,1ca00000,8
15849390448706,06e00000,1e400000,8
15849390876839,08600000,1bc00000,8
15849391336421,06a00000,1ce00000,8
15849391768341,03a00000,1b000000,8
15849392226050,07000000,1ba00000,8
15849392793254,06c00000,1a400000,8
15849393254749,03c00000,72e00000,8
15849393757402,07400000,1da00000,8
15849394365573,07a00000,19800000,8
15849394833571,07e00000,19200000,8
15849395294425,cyclic_thrashing_detected,47
15849395294916,08000000,1b600000,8
15849395760460,07800000,1d800000,8
15849396218078,02600000,72c00000,8
15849396786544,08200000,73400000,8
15849397365761,03200000,1d000000,8
15849397778224,08c00000,1a200000,8
15849398151234,02800000,1be00000,9
15849398557857,04600000,1de00000,9
15849398796775,08a00000,1c600000,8
15849399232663,0ac00000,73000000,1
15849399465610,04200000,1b800000,9
15849400014469,03000000,1e000000,9
15849400545896,04800000,1d400000,9
15849401084607,04400000,1e200000,9
15849401581519,04a00000,1ca00000,9
15849402294626,06e00000,1bc00000,9
15849402811175,06000000,1e400000,9
15849403326301,03a00000,1ba00000,9
15849403755607,06a00000,1b000000,9
15849404380799,07000000,1a400000,9
15849404873413,08600000,1ce00000,9
15849405384262,07400000,19800000,9
15849405840467,03c00000,1da00000,9
15849406284801,06c00000,72e00000,9
15849406832849,07e00000,1b600000,9
15849407353395,07a00000,19200000,9
15849407861498,cyclic_thrashing_detected,47
15849407861959,08000000,1d800000,9
15849408370243,07800000,72c00000,9
15849408813965,02600000,73400000,9
15849409246577,03200000,1a200000,9
15849409750051,08200000,1d000000,9
15849410514194,02800000,1de00000,10
15849410924023,03000000,1d400000,10
15849411496978,04600000,73000000,10
15849411941111,04200000,1e000000,10
15849412401595,04800000,1e200000,10
15849413142114,08a00000,1b800000,9
15849413663311,08c00000,1c600000,9
15849414144073,04400000,1ca00000,10
15849414556777,04a00000,1bc00000,10
15849415126897,06e00000,1e400000,10
15849415632405,06000000,1ba00000,10
15849416153823,03a00000,1b000000,10
15849416583950,06a00000,1a400000,10
15849417171161,07000000,1ce00000,10
15849417713809,07400000,1da00000,10
15849418194441,08600000,19800000,10
15849418669201,03c00000,72e00000,10
15849419078820,07e00000,19200000,10
15849419623662,06c00000,1b600000,10
15849419952509,07a00000,1d800000,10
15849420365704,0ae00000,1be00000,1
15849420607287,cyclic_thrashing_detected,47
15849420607728,02600000,1a200000,10
15849421110330,07800000,73400000,10
15849421759508,03200000,1d000000,10
15849422309700,08000000,72c00000,10
15849422880351,03000000,73000000,11
15849423298906,08200000,1de00000,10
15849423867312,02800000,1d400000,11
15849424299723,04600000,1e000000,11
15849425012109,08a00000,1c600000,10
15849425462785,04800000,1b800000,11
15849425932546,04200000,1e200000,11
15849426411124,08c00000,1ca00000,10
15849427018222,04400000,1bc00000,11
15849427437198,04a00000,1e400000,11
15849427875711,06e00000,1ba00000,11
15849428327609,03a00000,1a400000,11
15849428817327,06000000,1b000000,11
15849429421420,06a00000,1ce00000,11
15849429848341,07000000,1da00000,11
15849430340805,03c00000,19200000,11
15849430836224,07400000,19800000,11
15849431422404,07e00000,1b600000,11
15849431913234,08600000,72e00000,11
15849432389628,07a00000,1a200000,11
15849432853378,02600000,73400000,11
15849433425090,cyclic_thrashing_detected,47
15849433425601,06c00000,1be00000,11
15849434049622,07800000,1d000000,11
15849434643907,03200000,72c00000,11
15849435081708,08000000,73000000,11
15849435596193,08200000,1d400000,11
15849436044995,03000000,1de00000,12
15849436447630,04600000,1c600000,12
15849437038278,02800000,1e000000,12
15849437483764,04800000,1e200000,12
15849438015681,08a00000,1b800000,11
15849438540686,04200000,1ca00000,12
15849439184925,08c00000,1bc00000,11
15849439554127,04400000,1e400000,12
15849439952985,04a00000,1ba00000,12
15849440420232,06e00000,1a400000,12
15849440662095,0b000000,1d800000,1
15849441126767,06000000,1ce00000,12
15849441610715,03a00000,1b000000,12
15849442088962,06a00000,1da00000,12
15849442836264,03c00000,19800000,12
15849443391305,07000000,19200000,12
15849444004745,07400000,1b600000,12
15849444585695,08600000,1a200000,12
15849445250252,07a00000,73400000,12
15849445836181,07e00000,72e00000,12
15849446357779,02600000,1be00000,12
15849446768369,cyclic_thrashing_detected,47
15849446768890,06c00000,1d000000,12
15849447357324,07800000,72c00000,12
15849447893390,08000000,1d400000,12
15849448387016,03200000,73000000,12
15849448802735,04600000,1e000000,13
15849449349651,08200000,1de00000,12
15849449937354,02800000,1e200000,13
15849450417735,03000000,1c600000,13
15849450961355,04800000,1b800000,13
15849451516987,04200000,1bc00000,13
15849452020491,08a00000,1ca00000,12
15849452598516,04400000,1ba00000,13
15849453071192,08c00000,1d800000,12
15849453604462,04a00000,1a400000,13
15849454016846,06e00000,1ce00000,13
15849454483732,03a00000,1da00000,13
15849454961909,06000000,1b000000,13
15849455601278,06a00000,19800000,13
15849456066030,07000000,1b600000,13
15849456549717,03c00000,19200000,13
15849456964856,07a00000,72e00000,13
15849457636726,07400000,1a200000,13
15849458069017,08600000,73400000,13
15849458630761,02600000,1d000000,13
15849459020311,07e00000,1be00000,13
15849459594378,cyclic_thrashing_detected,47
15849459594829,06c00000,72c00000,13
15849459932743,07800000,1d400000,13
15849460317485,08000000,73000000,13
15849460528851,0b200000,1e400000,1
15849461072100,03200000,1e000000,13
15849461286482,08200000,1e200000,13
15849461666876,02800000,1c600000,14
15849461954355,04600000,1de00000,14
15849462412364,03000000,1b800000,14
15849462645091,04200000,1ca00000,14
15849463206744,04800000,1bc00000,14
15849463436876,04400000,1d800000,14
15849463992779,08a00000,1ba00000,13
15849464213533,08c00000,1a400000,13
15849464807958,03a00000,1b000000,14
15849465020126,04a00000,1ce00000,14
15849465436327,06000000,19800000,14
15849465694000,06a00000,1b600000,14
15849466386990,06e00000,1da00000,14
15849466610669,07000000,19200000,14
15849467264887,07a00000,1a200000,14
15849467477806,03c00000,72e00000,14
15849468015344,07400000,73400000,14
15849468335675,02600000,1be00000,14
15849468825213,0b200000,1e200000,2
15849469127681,07e00000,72c00000,14
15849469645081,08600000,1d000000,14
15849470176198,cyclic_thrashing_detected,47
15849470176799,08000000,1e000000,14
15849470785100,06c00000,73000000,14
15849471259950,07800000,1e400000,14
15849471817466,02800000,1b800000,15
15849472429725,03200000,1c600000,14
15849472984686,04200000,1d800000,15
15849473505002,08200000,1de00000,14
15849474125536,03000000,1bc00000,15
15849474519665,08a00000,1b000000,14
15849475095685,08c00000,1ce00000,14
15849475542544,04400000,1ba00000,15
15849475993459,04600000,1ca00000,15
15849476582595,04800000,1a400000,15
15849477165157,04a00000,1b600000,15
15849477695973,03a00000,19800000,15
15849478114508,06000000,1da00000,15
15849478722799,06a00000,19200000,15
15849479242314,03c00000,73400000,15
15849479642214,06e00000,1a200000,15
15849480149595,07400000,72c00000,15
15849480608146,07a00000,1be00000,15
15849481038142,02600000,1e200000,15
15849481435147,07000000,72e00000,15
15849482012199,07e00000,1d000000,15
15849482504423,08000000,73000000,15
15849482964906,cyclic_thrashing_detected,47
15849482965457,08600000,1e000000,15
15849483527361,06c00000,1e400000,15
15849483935968,07800000,1b800000,15
15849484615342,02800000,1c600000,16
15849485057592,03200000,1d800000,15
15849485642729,04200000,1de00000,16
15849486257272,08200000,1bc00000,15
15849486576922,03000000,1b000000,16
15849486988293,0b400000,1d400000,1
15849487221160,08a00000,1ce00000,15
15849487680251,04400000,1ca00000,16
15849488146666,08c00000,1ba00000,15
15849488641474,04600000,1a400000,16
15849489062484,04a00000,19800000,16
15849489682998,03a00000,1da00000,16
15849490164040,04800000,1b600000,16
15849490726716,06000000,19200000,16
15849491260627,06a00000,73400000,16
15849491775834,03c00000,1a200000,16
15849492242549,06e00000,72c00000,16
15849492876408,07a00000,1e200000,16
15849493358152,02600000,72e00000,16
15849493773050,07000000,1d000000,16
15849494403312,07400000,1be00000,16
15849494846904,07e00000,73000000,16
15849495397597,08000000,1e000000,16
15849495866116,cyclic_thrashing_detected,47
15849495866537,08600000,1e400000,16
15849496283068,06c00000,1b800000,16
15849496687046,07800000,1c600000,16
15849497247067,02800000,1d800000,17
15849497821965,03200000,1de00000,16
15849498420488,04200000,1bc00000,17
15849499008401,08200000,1ce00000,16
15849499504631,03000000,1d400000,17
15849499908629,04400000,1ba00000,17
15849500557657,08a00000,1ca00000,16
15849501070308,04600000,19800000,17
15849501501918,04a00000,1da00000,17
15849501922306,08c00000,1a400000,16
15849502395073,03a00000,1b600000,17
15849502828917,04800000,19200000,17
15849503496690,06000000,73400000,17
15849504074814,06a00000,1a200000,17
15849504553893,03c00000,72c00000,17
15849504975083,06e00000,1e200000,17
15849505536476,07a00000,72e00000,17
15849505999615,02600000,1d000000,17
15849506400046,07000000,1be00000,17
15849506741396,07400000,73000000,17
15849507146977,0b600000,1b000000,1
15849507357922,07e00000,1e000000,17
15849507882296,08600000,1b800000,17
15849508097790,cyclic_thrashing_detected,47
15849508098211,06c00000,1c600000,17
15849508488263,08000000,1e400000,17
15849508796080,02800000,1de00000,18
15849509290868,07800000,1d800000,17
15849509553591,03200000,1bc00000,17
15849510019806,04200000,1ce00000,18
15849510270606,03000000,1ba00000,18
15849510729156,08200000,1d400000,17
15849510948568,04400000,1ca00000,18
15849511572829,04600000,1da00000,18
15849511837736,08a00000,19800000,17
15849512378019,04a00000,1a400000,18
15849512653856,08c00000,1b600000,17
15849513161439,03a00000,19200000,18
15849513437296,04800000,73400000,18
15849513896437,06a00000,72c00000,18
15849514154061,03c00000,1e200000,18
15849514713109,06000000,1a200000,18
15849515004586,02600000,1be00000,18
15849515621533,0b600000,1c600000,2
15849515886069,06e00000,72e00000,18
15849516739620,07a00000,1d000000,18
15849517252613,07400000,1e000000,18
15849517776165,07000000,1b000000,18
15849518284308,07e00000,1b800000,18
15849518862473,02800000,1d800000,19
15849519260509,07800000,1ba00000,18
15849519967656,cyclic_thrashing_detected,47
15849519968086,08000000,1bc00000,18
15849520510043,03200000,1ce00000,18
15849520948285,06c00000,1e400000,18
15849521534685,04400000,1da00000,19
15849521973027,08600000,1de00000,18
15849522517719,04200000,1ca00000,19
15849522947896,08200000,19800000,18
15849523447944,08a00000,1b600000,18
15849523986424,08c00000,73400000,18
15849524493886,03000000,1d400000,19
15849524914625,04600000,1a400000,19
15849525524349,06a00000,1be00000,19
15849526009920,03a00000,72c00000,19
15849526484780,04800000,1e200000,19
15849526980190,02600000,1c600000,19
15849527464628,04a00000,19200000,19
15849527924381,06000000,72e00000,19
15849528392819,06e00000,1d000000,19
15849528847663,03c00000,1a200000,19
15849529276106,07000000,1b800000,19
15849529780643,07400000,1b000000,19
15849530240255,07a00000,1e000000,19
15849530701009,07800000,1bc00000,19
15849531160671,02800000,1ba00000,20
15849531571512,07e00000,1d800000,19
15849532058255,cyclic_thrashing_detected,47
15849532058686,06c00000,1da00000,19
15849532370300,08000000,1ce00000,19
15849532770050,03200000,1e400000,19
15849533054594,04400000,1de00000,20
15849533552648,0b800000,73000000,1
15849533765327,04200000,19800000,20
15849534341137,08600000,1ca00000,19
15849534800258,08200000,1b600000,19
15849535260692,08a00000,73400000,19
15849535808349,03000000,1a400000,20
15849536213169,08c00000,1d400000,19
15849536941896,04600000,1be00000,20
15849537376000,06a00000,72c00000,20
15849538059412,04800000,1c600000,20
15849538508354,03a00000,1e200000,20
15849539036555,04a00000,72e00000,20
15849539508440,02600000,19200000,20
15849539998108,06000000,1d000000,20
15849540723559,03c00000,1b800000,20
15849541148326,06e00000,1a200000,20
15849541688730,07000000,1b000000,20
15849542213875,07400000,1e000000,20
15849542674879,02800000,1d800000,21
15849543080961,07800000,1ba00000,20
15849543668193,07a00000,1bc00000,20
15849544218906,07e00000,1da00000,20
15849544667397,cyclic_thrashing_detected,47
15849544667788,03200000,73000000,20
15849545073799,08000000,1de00000,20
15849545609154,04200000,1ca00000,21
15849546073725,04400000,19800000,21
15849546609911,06c00000,1e400000,20
15849547163920,08200000,73400000,20
15849547664459,08600000,1b600000,20
15849548166290,08a00000,1a400000,20
15849548625862,03000000,1d400000,21
15849549027476,08c00000,1be00000,20
15849549526932,04600000,72c00000,21
15849550024386,06a00000,1c600000,21
15849550512040,04800000,1e200000,21
15849551027828,03a00000,72e00000,21
15849551666386,04a00000,19200000,21
15849552450276,03c00000,1a200000,21
15849552967957,02600000,1d000000,21
15849553338853,06000000,1b800000,21
15849553730277,06e00000,1b000000,21
15849553960228,02800000,1ba00000,22
15849554388993,07000000,1e000000,21
15849554642027,0ba00000,1ce00000,1
15849555123360,07400000,1d800000,21
15849555688059,07800000,1bc00000,21
15849556257037,07a00000,1da00000,21
15849556760852,03200000,1de00000,21
15849557169839,cyclic_thrashing_detected,47
15849557170230,08000000,1ca00000,21
15849557892374,04200000,19800000,22
15849558335145,07e00000,73000000,21
15849558766714,04400000,1e400000,22
15849559269277,06c00000,73400000,21
15849559819269,08200000,1b600000,21
15849560415467,08600000,1a400000,21
15849560887543,03000000,1be00000,22
15849561289647,08a00000,1d400000,21
15849561876458,08c00000,72c00000,21
15849562348633,04600000,1c600000,22
15849562856586,06a00000,1e200000,22
15849563379647,03a00000,19200000,22
15849563926563,04800000,72e00000,22
15849564542498,02600000,1b000000,22
15849565011929,02800000,1e000000,23
15849565642342,03c00000,1d000000,22
15849566252115,04a00000,1a200000,22
15849566854565,06e00000,1ce00000,22
15849567475200,06000000,1ba00000,22
15849568003460,07000000,1d800000,22
15849568552430,07800000,1da00000,22
15849569002635,07400000,1bc00000,22
15849569458219,07a00000,1de00000,22
15849569993323,03200000,1ca00000,22
15849570406218,04200000,73000000,23
15849570902849,cyclic_thrashing_detected,47
15849570903300,07e00000,1e400000,22
15849571444836,08000000,19800000,22
15849571900190,04400000,73400000,23
15849572350465,06c00000,1b600000,22
15849572822760,08200000,1a400000,22
15849573425231,08600000,1be00000,22
15849573903337,08a00000,72c00000,22
15849574238256,03000000,1d400000,23
15849574622496,08c00000,1c600000,22
15849574919453,0bc00000,1b800000,1
15849575509731,04600000,1e200000,23
15849575721818,06a00000,19200000,23
15849576102963,04800000,1b000000,23
15849576313178,02600000,1e000000,23
15849576824206,03a00000,72e00000,23
15849577079615,02800000,1d000000,24
15849577589442,03c00000,1a200000,23
15849577799666,04a00000,1ce00000,23
15849578294584,06e00000,1ba00000,23
15849578517412,07000000,1da00000,23
15849579180787,06000000,1d800000,23
15849579390550,07800000,1bc00000,23
15849580013138,07400000,1de00000,23
15849580264790,03200000,73000000,23
15849580705056,07a00000,1ca00000,23
15849580987716,04200000,1e400000,24
15849581471664,cyclic_thrashing_detected,47
15849581472085,07e00000,19800000,23
15849581737182,08000000,73400000,23
15849582368767,06c00000,1a400000,23
15849582582668,08200000,1be00000,23
15849583081093,04400000,1b600000,24
15849583663305,0bc00000,19200000,2
15849583940204,08600000,72c00000,23
15849584555569,03000000,1c600000,24
15849585027464,08a00000,1b800000,23
15849585730623,08c00000,1e200000,23
15849586265676,02600000,72e00000,24
15849586671608,04800000,1d000000,24
15849587210779,06a00000,1e000000,24
15849587751093,02800000,1a200000,25
15849588227827,04600000,1b000000,24
15849588822993,03a00000,1ce00000,24
15849589259482,03c00000,1ba00000,24
15849589774639,04a00000,1da00000,24
15849590366930,06e00000,1d800000,24
15849590897505,07000000,1bc00000,24
15849591352428,03200000,1ca00000,24
15849591763479,07400000,1e400000,24
15849592362112,04200000,19800000,25
15849592787089,06000000,1de00000,24
15849593338914,07800000,73000000,24
15849593835706,07a00000,73400000,24
15849594317500,07e00000,1a400000,24
15849594816386,06c00000,1b600000,24
15849595237315,08000000,1be00000,24
15849595799911,08200000,72c00000,24
15849596253021,04400000,19200000,25
15849596667488,08600000,1c600000,24
15849597270619,03000000,1b800000,25
15849597677382,08a00000,1e200000,24
15849598256258,02600000,1d000000,25
15849598652491,04800000,1e000000,25
15849599220527,08c00000,72e00000,24
15849599538123,02800000,1b000000,26
15849599939936,0be00000,1d400000,1
15849600268152,03a00000,1ba00000,25
15849600743905,06a00000,1a200000,25
15849601258790,04600000,1ce00000,25
15849601769398,03c00000,1da00000,25
15849602399881,04a00000,1d800000,25
15849602954571,07000000,1ca00000,25
15849603441935,06e00000,1bc00000,25
15849603885137,03200000,1e400000,25
15849604341483,07400000,19800000,25
15849604991432,04200000,1de00000,26
15849605459720,06000000,73000000,25
15849606041892,07800000,73400000,25
15849606579571,07a00000,1a400000,25
15849607068739,07e00000,1b600000,25
15849607524523,06c00000,1be00000,25
15849607935254,08000000,72c00000,25
15849608532775,04400000,1c600000,26
15849608925782,08200000,19200000,25
15849609572405,03000000,1e200000,26
15849609996480,08600000,1b800000,25
15849610659765,02600000,1e000000,26
15849611066307,08a00000,1d000000,25
15849611709774,08c00000,1ba00000,25
15849612158907,02800000,1d400000,27
15849612551212,03a00000,1a200000,26
15849613020252,04800000,72e00000,26
15849613565595,03c00000,1d800000,26
15849614097994,06a00000,1ce00000,26
15849614583154,04600000,1da00000,26
15849615046543,04a00000,1ca00000,26
15849615545148,07000000,1bc00000,26
15849616056327,06e00000,1e400000,26
15849616507694,03200000,19800000,26
15849616939544,07400000,1de00000,26
15849617611044,04200000,73000000,27
15849618027896,06000000,73400000,26
15849618607563,07800000,1a400000,26
15849619093815,06c00000,72c00000,26
15849619403546,07a00000,1b600000,26
15849619821059,07e00000,1be00000,26
15849620045099,0c000000,1b000000,1
15849620509140,04400000,19200000,27
15849620908629,03000000,1b800000,27
15849621440637,08000000,1c600000,26
15849622244345,08200000,1e200000,26
15849622688668,08600000,1e000000,26
15849623179679,02600000,1d000000,27
15849623574129,08a00000,1ba00000,26
15849624139069,08c00000,1d400000,26
15849624645018,02800000,1a200000,28
15849625093900,03a00000,72e00000,27
15849625675962,03c00000,1ce00000,27
15849626206567,04800000,1d800000,27
15849626711795,06a00000,1da00000,27
15849627155808,04600000,1ca00000,27
15849627609929,04a00000,1bc00000,27
15849628136527,06e00000,19800000,27
15849628698311,07000000,1e400000,27
15849629169675,03200000,1de00000,27
15849629659995,07400000,73000000,27
15849630276421,04200000,73400000,28
15849630700817,06000000,1a400000,27
15849631249767,06c00000,1be00000,27
15849631698909,07800000,72c00000,27
15849632258449,07a00000,1b000000,27
15849632714064,07e00000,19200000,27
15849633202961,03000000,1c600000,28
15849633612890,04400000,1b800000,28
15849634200011,08000000,1e200000,27
15849634801028,08200000,1e000000,27
15849635236004,02600000,1ba00000,28
15849635659779,08600000,1d000000,27
15849636290983,08a00000,1d400000,27
15849636744263,08c00000,1a200000,27
15849637240775,03a00000,1ce00000,28
15849637641326,02800000,72e00000,29
15849638237444,03c00000,1d800000,28
15849638821871,06a00000,1ca00000,28
15849639276002,04600000,1bc00000,28
15849639593829,0c200000,1b600000,1
15849640063500,04a00000,19800000,28
15849640556314,04800000,1da00000,28
15849641033910,06e00000,1e400000,28
15849641529680,07000000,1de00000,28
15849641964786,03200000,73000000,28
15849642370477,07400000,73400000,28
15849643027089,06000000,1be00000,28
15849643438420,04200000,1a400000,29
15849644041632,06c00000,72c00000,28
15849644562168,07800000,1b000000,28
15849645071003,07a00000,19200000,28
15849645560371,07e00000,1c600000,28
15849646014262,03000000,1b800000,29
15849646418420,04400000,1e200000,29
15849646912136,08200000,1ba00000,28
15849647473519,02600000,1d000000,29
15849647875674,08000000,1e000000,28
15849648403183,08600000,1d400000,28
15849648970557,08a00000,1a200000,28
15849649498327,08c00000,1ce00000,28
15849649950526,02800000,1d800000,30
15849650425997,03a00000,72e00000,29
15849650976450,03c00000,1ca00000,29
15849651507807,04600000,19800000,29
15849652140263,06a00000,1bc00000,29
15849652598152,04a00000,1da00000,29
15849653015675,04800000,1e400000,29
15849653464517,06e00000,1de00000,29
15849654046509,07000000,73000000,29
15849654510289,03200000,73400000,29
15849654919717,04200000,72c00000,30
15849655424273,06000000,1a400000,29
15849655915034,06c00000,1b000000,29
15849656384554,07400000,1be00000,29
15849656867781,07800000,19200000,29
15849657303168,07a00000,1c600000,29
15849657751959,07e00000,1b800000,29
15849658189260,03000000,1e200000,30
15849658503639,02600000,1e000000,30
15849658887239,04400000,1ba00000,30
15849659098435,08200000,1d000000,29
15849659733336,0c400000,1b600000,1
15849660027929,08600000,1a200000,29
15849660614228,08000000,1d400000,29
15849661127822,08a00000,1ce00000,29
15849661698753,08c00000,1d800000,29
15849662167111,02800000,72e00000,31
15849662590165,03a00000,1ca00000,30
15849663091074,03c00000,19800000,30
15849663521672,04600000,1bc00000,30
15849664135554,06a00000,1da00000,30
15849664626214,04a00000,1e400000,30
15849665128236,04800000,1de00000,30
15849665590623,06e00000,73000000,30
15849666126087,03200000,72c00000,30
15849666527260,04200000,1a400000,31
15849667084325,07000000,73400000,30
15849667685803,06000000,1b000000,30
15849668158019,06c00000,1be00000,30
15849668652967,07400000,19200000,30
15849669195896,07a00000,1b800000,30
15849669640900,07800000,1c600000,30
15849670192605,03000000,1d000000,31
15849670620738,07e00000,1e200000,30
15849671223389,02600000,1ba00000,31
15849671622317,04400000,1b600000,31
15849672226681,08200000,1a200000,30
15849672746837,08000000,1ce00000,30
15849673175190,08600000,1d400000,30
15849673680368,08a00000,1d800000,30
15849674152012,08c00000,72e00000,30
15849674624018,02800000,1ca00000,32
15849675043475,03a00000,19800000,31
15849675639893,03c00000,1bc00000,31
15849676229369,04600000,1da00000,31
15849676722795,06a00000,1e400000,31
15849677131792,04800000,73000000,31
15849677596273,04a00000,1de00000,31
15849678048602,06e00000,72c00000,31
15849678555923,03200000,1a400000,31
15849678871615,04200000,73400000,32
15849679250736,07000000,1b000000,31
15849679461963,06000000,1be00000,31
15849680023316,0c600000,1e000000,1
15849680251073,06c00000,19200000,31
15849680724090,07400000,1b800000,31
15849680956897,07a00000,1c600000,31
15849681431006,07800000,1d000000,31
15849681907550,03000000,1e200000,32
15849682118887,07e00000,1ba00000,31
15849682539826,02600000,1b600000,32
15849682856310,04400000,1a200000,32
15849683425728,08000000,1d400000,31
15849683683842,08200000,1ce00000,31
15849684420223,08600000,1d800000,31
15849684636950,08a00000,72e00000,31
15849685148620,08c00000,1ca00000,31
15849685359225,02800000,19800000,33
15849685786226,03a00000,1bc00000,32
15849686127376,04600000,1e400000,32
15849686780481,03c00000,1da00000,32
15849687010352,06a00000,73000000,32
15849687488729,04a00000,72c00000,32
15849687723560,04800000,1de00000,32
15849688232574,0c600000,1c600000,2
15849688414486,06e00000,1a400000,32
15849689188658,03200000,1b000000,32
15849689748167,06000000,1e000000,32
15849690619672,04200000,1be00000,33
15849691065669,07000000,19200000,32
15849691701081,06c00000,1b800000,32
15849692153750,07e00000,1a200000,32
15849692643368,07400000,1d000000,32
15849693092691,07a00000,1ba00000,32
15849693636732,07800000,1e200000,32
15849694137962,08000000,1d800000,32
15849694771911,02600000,1d400000,33
15849695170028,03000000,1b600000,33
15849695751178,08200000,72e00000,32
15849696291632,04400000,1ce00000,33
15849696726026,08c00000,1e400000,32
15849697276389,02800000,1bc00000,34
15849697683773,03a00000,1da00000,33
15849698158063,03c00000,72c00000,33
15849698836836,06a00000,1de00000,33
15849699310564,08600000,1ca00000,32
15849699779644,08a00000,19800000,32
15849700273160,04600000,73000000,33
15849700678761,04800000,1c600000,33
15849701152029,04a00000,1a400000,33
15849701677474,06e00000,1b000000,33
15849702109254,06000000,1be00000,33
15849702736280,03200000,1e000000,33
15849703162951,04200000,19200000,34
15849703695199,06c00000,1a200000,33
15849704053621,07000000,1b800000,33
15849704497734,07e00000,1d000000,33
15849704713269,0c800000,73400000,1
15849705169555,07400000,1ba00000,33
15849705640859,07a00000,1e200000,33
15849706176523,07800000,1d800000,33
15849706673876,02600000,1b600000,34
15849707145411,08000000,1d400000,33
15849707792194,03000000,72e00000,34
15849708205860,04400000,1e400000,34
15849708754389,08200000,1ce00000,33
15849709254367,08c00000,1bc00000,33
15849709756609,02800000,1da00000,35
15849710170175,03c00000,1de00000,34
15849710700289,03a00000,72c00000,34
15849711301186,06a00000,1ca00000,34
15849711825380,04600000,1c600000,34
15849712305180,08600000,19800000,33
15849712789207,08a00000,73000000,33
15849713230175,04800000,1a400000,34
15849713691350,06e00000,1be00000,34
15849714197780,04a00000,1b000000,34
15849714899626,06000000,1e000000,34
15849715411015,07000000,73400000,34
15849715929087,03200000,19200000,34
15849716336592,04200000,1a200000,35
15849716882526,06c00000,1d000000,34
15849717447265,07e00000,1ba00000,34
15849718001605,07400000,1e200000,34
15849718423366,07a00000,1d800000,34
15849718899549,07800000,1b600000,34
15849719355294,03000000,1e400000,35
15849719844331,08000000,72e00000,34
15849720429870,02600000,1d400000,35
15849720840690,04400000,1ce00000,35
15849721524122,08200000,1bc00000,34
15849722036644,08c00000,1da00000,34
15849722513719,02800000,1de00000,36
15849722899913,03c00000,72c00000,35
15849723455926,06a00000,1c600000,35
15849724050331,03a00000,1ca00000,35
15849724372084,04600000,19800000,35
15849724779489,08600000,73000000,34
15849725002928,08a00000,1a400000,34
15849725522132,0ca00000,1b800000,1
15849725733047,04800000,1be00000,35
15849726182220,06e00000,1b000000,35
15849726755565,06000000,73400000,35
15849727311388,04a00000,1e000000,35
15849727804713,03200000,1a200000,35
15849728308508,06c00000,1ba00000,35
15849728901491,07000000,19200000,35
15849729504672,04200000,1d000000,36
15849729933977,07e00000,1e200000,35
15849730484931,07400000,1d800000,35
15849730922512,07800000,1e400000,35
15849731375061,07a00000,1b600000,35
15849731927958,03000000,72e00000,36
15849732389393,08000000,1d400000,35
15849732999017,02600000,1ce00000,36
15849733456094,04400000,1bc00000,36
15849734034359,08200000,1da00000,35
15849734478502,02800000,72c00000,37
15849734869596,08c00000,1de00000,35
15849735541396,03c00000,1c600000,36
15849735987132,06a00000,1ca00000,36
15849736541892,08a00000,1be00000,35
15849737116260,03a00000,73000000,36
15849737523985,04600000,1a400000,36
15849738134840,04800000,1b000000,36
15849738692817,06e00000,73400000,36
15849739250403,08600000,1b800000,35
15849739778934,04a00000,1a200000,36
15849740248635,06000000,1e000000,36
15849740778489,03200000,1ba00000,36
15849741177287,06c00000,19200000,36
15849741720296,04200000,1e200000,37
15849742151244,07000000,1d000000,36
15849742688101,07e00000,1d800000,36
15849743171458,07400000,1e400000,36
15849743610752,07800000,1b600000,36
15849744056658,07a00000,72e00000,36
15849744530227,03000000,1d400000,37
15849745043760,08000000,1ce00000,36
15849745696875,0cc00000,19800000,1
15849746494151,02600000,1bc00000,37
15849746885104,02800000,1de00000,38
15849747368551,04400000,1da00000,37
15849747755507,08200000,72c00000,36
15849748134027,08c00000,1c600000,36
