15847939256691,02000000,19200000,1
15847939718016,02400000,19600000,1
15847940164173,02200000,19400000,1
15847940598969,02a00000,19c00000,1
15847941051688,02c00000,19e00000,1
15847941572886,02e00000,1a000000,1
15847942026497,03e00000,1b200000,1
15847942497460,04000000,1b400000,1
15847942969946,04200000,1b600000,1
15847943417406,04400000,1b800000,1
15847943878651,02600000,19800000,1
15847944278862,03000000,1a200000,1
15847944811210,03200000,1a400000,1
15847945430682,03400000,1a600000,1
15847946057688,03800000,1aa00000,1
15847946537779,03a00000,1ac00000,1
15847946984887,04600000,1ba00000,1
15847947482180,04800000,1bc00000,1
15847947988760,03600000,1a800000,1
15847948395954,06000000,1dc00000,1
15847949123790,06400000,1c200000,1
15847949971199,02800000,19a00000,1
15847950375367,03c00000,1b000000,1
15847950951738,06c00000,1c800000,1
15847951903203,06e00000,1ca00000,1
15847952610109,08200000,72e00000,1
15847953304822,08400000,1da00000,1
15847954615300,06200000,1c000000,1
15847955321235,06a00000,1c600000,1
15847956058317,07000000,1cc00000,1
15847956909063,07200000,1ce00000,1
15847957651556,07800000,1e000000,1
15847958560300,07a00000,1d400000,1
15847959330746,07c00000,1e200000,1
15847960133131,07e00000,1d600000,1
15847960913985,08000000,1d800000,1
15847961704288,08800000,72c00000,1
15847962460356,06600000,1de00000,1
15847963132717,06800000,1c400000,1
15847963749795,07400000,1d000000,1
15847964392160,07600000,1d200000,1
15847964858975,08600000,1e400000,1
15847965651322,0a000000,19000000,1
15847965876083,0a200000,73200000,1
15847967687621,0a400000,73400000,1
15847968536003,0a600000,73600000,1
15847969977026,02000000,19600000,2
15847970462226,02200000,19c00000,2
15847970911970,02400000,19400000,2
15847971369638,02a00000,19e00000,2
15847971865428,02c00000,1a000000,2
15847972298891,02e00000,1b200000,2
15847972757962,03e00000,1b400000,2
15847973243974,04000000,1b600000,2
15847973718143,04200000,1b800000,2
15847974187323,04400000,19800000,2
15847974639482,0a800000,1be00000,1
15847975706122,02600000,1a200000,2
15847976090052,03000000,1a400000,2
15847976508287,03200000,1a600000,2
15847976964393,03400000,1aa00000,2
15847977398296,03800000,1ac00000,2
15847977871574,03a00000,1ba00000,2
15847978361203,04600000,1bc00000,2
15847978844840,04800000,1a800000,2
15847979264487,06400000,19a00000,2
15847979813367,03600000,1dc00000,2
15847980222304,06000000,1c200000,2
15847980812851,03c00000,1c800000,2
15847981311086,02800000,1b000000,2
15847981841541,06e00000,72e00000,2
15847982408074,08400000,1c000000,2
15847982914564,06200000,1c600000,2
15847983371701,06c00000,1ca00000,2
15847983864466,08200000,1da00000,2
15847984396443,07000000,1ce00000,2
15847984836980,06a00000,1cc00000,2
15847985373536,07800000,1d400000,2
15847986016993,07a00000,1e200000,2
15847986466256,07c00000,1d600000,2
15847986950534,07200000,1e000000,2
15847987350475,cyclic_thrashing_detected,47
15847987351026,07e00000,1d800000,2
15847987996006,02600000,1a400000,3
15847988400695,03000000,1a600000,3
15847988974351,03200000,1aa00000,3
15847989453760,03800000,1ba00000,3
15847990011867,03400000,1ac00000,3
15847990482329,04600000,1a800000,3
15847991003547,04800000,19a00000,3
15847991452389,03a00000,1bc00000,3
15847991884650,06400000,1dc00000,3
15847992464487,06000000,1c800000,3
15847992940130,02800000,72e00000,3
15847993368473,03600000,1c200000,3
15847993964421,03c00000,1b000000,3
15847994294300,06e00000,1c000000,3
15847994728835,0b200000,1a200000,1
15847994978483,06200000,1ca00000,3
15847995477850,08400000,1c600000,3
15847995708563,08200000,1ce00000,3
15847996227897,06c00000,1da00000,3
15847996440886,07000000,1cc00000,3
15847996875642,06a00000,1d400000,3
15847997085485,07800000,1e200000,3
15847997588078,07a00000,1d600000,3
15847997826085,07200000,1d800000,3
15847998315483,07c00000,1e000000,3
15847998537980,07e00000,1a400000,3
15847999069788,02600000,1a600000,4
15847999282617,03000000,1aa00000,4
15847999872794,03800000,1ac00000,4
15848000092286,03400000,1a800000,4
15848000692982,03200000,1ba00000,4
15848000909559,04600000,19a00000,4
15848001499435,04800000,1bc00000,4
15848001730078,03a00000,1dc00000,4
15848002443416,06400000,1c800000,4
15848002679218,02800000,1c200000,4
15848003284724,06000000,72e00000,4
15848003596258,0b200000,1ce00000,2
15848004074265,03600000,1b000000,4
15848004576838,03c00000,1a200000,4
15848005288112,06e00000,1ca00000,4
15848005923654,06200000,1c600000,4
15848006457044,06c00000,1d400000,4
15848006967853,07000000,1e200000,4
15848007503938,08200000,1da00000,4
15848008201617,cyclic_thrashing_detected,47
15848008202168,08400000,1cc00000,4
15848008691105,06a00000,1d600000,4
15848009104240,07200000,1e000000,4
15848009559354,07800000,1d800000,4
15848010050084,07e00000,1aa00000,4
15848010655029,02600000,1ac00000,5
15848011325006,03000000,1a800000,5
15848011936052,03200000,1bc00000,5
15848012491854,03400000,1ba00000,5
15848012994888,03800000,19a00000,5
15848013530743,07a00000,1a400000,4
15848014196502,04600000,1dc00000,5
15848014678236,03a00000,1c800000,5
15848015144791,07c00000,1a600000,4
15848015704721,02800000,72e00000,5
15848016108849,06400000,1ce00000,5
15848016643542,04800000,1c200000,5
15848017137759,03600000,1a200000,5
15848017620174,06000000,1b000000,5
15848018443058,06e00000,1c600000,5
15848019146527,03c00000,1ca00000,5
15848019586653,06200000,1d400000,5
15848020088845,06c00000,1e200000,5
15848020550110,07000000,1da00000,5
15848021054166,08200000,1cc00000,5
15848021533194,cyclic_thrashing_detected,47
15848021533705,08400000,1d600000,5
15848022065653,06a00000,1e000000,5
15848022386936,07200000,1d800000,5
15848022775324,0b400000,1c000000,1
15848023022408,07800000,1aa00000,5
15848023510112,07e00000,1ac00000,5
15848023741967,02600000,1a800000,6
15848024198454,03000000,1bc00000,6
15848024632698,03400000,19a00000,6
15848024844105,03200000,1ba00000,6
15848025496699,03800000,1a400000,6
15848025711842,04600000,1c800000,6
15848026216649,07a00000,1dc00000,5
15848026431242,03a00000,1a600000,6
15848026950746,07c00000,72e00000,5
15848027200976,06400000,1c200000,6
15848027811511,02800000,1ce00000,6
15848028035441,04800000,1a200000,6
15848028444628,03600000,1b000000,6
15848028747547,06000000,1c600000,6
15848029374172,06e00000,1ca00000,6
15848029660820,06200000,1e200000,6
15848030321739,03c00000,1d400000,6
15848030564224,07000000,1cc00000,6
15848031013227,06c00000,1da00000,6
15848031286609,08200000,1d600000,6
15848031794562,0b400000,1a800000,2
15848032019614,cyclic_thrashing_detected,47
15848032020115,06a00000,1c000000,6
15848032512459,07200000,1aa00000,6
15848033191082,08400000,1e000000,6
15848033728851,07800000,1ac00000,6
15848034298028,07e00000,1bc00000,6
15848034872275,03000000,1ba00000,7
15848035363086,03400000,1c800000,7
15848035877230,03200000,1a400000,7
15848036414148,03800000,1dc00000,7
15848036996660,02600000,19a00000,7
15848037405257,03a00000,72e00000,7
15848038113425,04600000,1a600000,7
15848038568539,07a00000,1c200000,6
15848039018443,06400000,1ce00000,7
15848039529812,02800000,1b000000,7
15848039964577,04800000,1c600000,7
15848040478982,06000000,1e200000,7
15848041005961,07c00000,1a200000,6
15848041525626,03600000,1ca00000,7
15848041941586,03c00000,1da00000,7
15848042470839,06e00000,1cc00000,7
15848042969975,06200000,1d400000,7
15848043401825,06a00000,1aa00000,7
15848043912994,07000000,1d600000,7
15848044578522,08200000,1c000000,7
15848045124937,cyclic_thrashing_detected,47
15848045125438,07200000,1e000000,7
15848045553762,08400000,1ac00000,7
15848046026498,06c00000,1a800000,7
15848046429464,07800000,1bc00000,7
15848047004984,07e00000,1ba00000,7
15848047499171,03000000,1c800000,8
15848047959294,03200000,1dc00000,8
15848048325380,03400000,1a400000,8
15848048707106,0b600000,1d800000,1
15848048917050,03800000,19a00000,8
15848049468124,02600000,72e00000,8
15848049924220,03a00000,1a600000,8
15848050601300,04600000,1c200000,8
15848051111557,07a00000,1ce00000,7
15848051587039,02800000,1c600000,8
15848051991337,06400000,1b000000,8
15848052528685,04800000,1e200000,8
15848052974080,06000000,1a200000,8
15848053473056,06e00000,1d400000,8
15848054083712,07c00000,1ca00000,7
15848054562580,03c00000,1cc00000,8
15848054978641,03600000,1da00000,8
15848055471315,06200000,1aa00000,8
15848056112107,07000000,1c000000,8
15848056619048,06a00000,1d600000,8
15848057053312,08200000,1e000000,8
15848057650222,cyclic_thrashing_detected,47
15848057650713,07200000,1ac00000,8
15848058120474,08400000,1a800000,8
15848058627635,06c00000,1bc00000,8
15848059027766,07e00000,1c800000,8
15848059603416,03000000,1dc00000,9
15848060077064,03200000,1d800000,9
15848060754675,03400000,19a00000,9
15848061208406,07800000,1ba00000,8
15848061701932,03800000,72e00000,9
15848062200637,02600000,1a600000,9
15848062654910,03a00000,1c200000,9
15848063237693,02800000,1b000000,9
15848063669483,04600000,1ce00000,9
15848064318550,07a00000,1c600000,8
15848064798661,06400000,1e200000,9
15848065218258,06e00000,1ca00000,9
15848065734166,04800000,1a200000,9
15848066207784,06000000,1d400000,9
15848066707812,07c00000,1cc00000,8
15848067286387,03600000,1aa00000,9
15848067692339,03c00000,1da00000,9
15848068194911,06200000,1c000000,9
15848068799165,07000000,1d600000,9
15848069242637,06a00000,1e000000,9
15848069731574,08200000,1ac00000,9
15848070049741,cyclic_thrashing_detected,47
15848070050312,07200000,1a800000,9
15848070493874,06c00000,1c800000,9
15848070715630,08400000,1bc00000,9
15848071131350,0b800000,1a400000,1
15848071387791,03000000,1d800000,10
15848071808319,07e00000,1dc00000,9
15848072458669,03200000,19a00000,10
15848072952536,02600000,1c200000,10
15848073622112,03400000,1ba00000,10
15848074312717,03800000,1a600000,10
15848074845046,07800000,72e00000,9
15848075374098,02800000,1ce00000,10
15848075783135,03a00000,1b000000,10
15848076388771,04600000,1c600000,10
15848076972917,07a00000,1e200000,9
15848077387214,04800000,1d400000,10
15848077846676,06e00000,1a200000,10
15848078349048,06400000,1ca00000,10
15848078802038,06000000,1cc00000,10
15848079287549,03c00000,1c000000,10
15848079828403,07c00000,1aa00000,9
15848080360582,03600000,1da00000,10
15848080758708,06200000,1d600000,10
15848081391866,07000000,1e000000,10
15848081986732,06a00000,1ac00000,10
15848082426727,07200000,1c800000,10
15848083001756,cyclic_thrashing_detected,47
15848083002397,08200000,1bc00000,10
15848083533914,08400000,1d800000,10
15848083970343,06c00000,1a400000,10
15848084358351,03000000,1dc00000,11
15848084907340,03200000,1c200000,11
15848085359979,07e00000,19a00000,10
15848085977818,02600000,1ba00000,11
15848086380283,03400000,1a600000,11
15848086953569,03800000,72e00000,11
15848087510323,07800000,1ce00000,10
15848088020089,02800000,1b000000,11
15848088415521,03a00000,1c600000,11
15848088863772,04600000,1e200000,11
15848089346036,04800000,1a200000,11
15848089778327,06e00000,1ca00000,11
15848090356301,07a00000,1d400000,10
15848090834639,06400000,1cc00000,11
15848091287378,03c00000,1aa00000,11
15848091627436,06000000,1c000000,11
15848092005124,0ba00000,1a800000,1
15848092228403,07c00000,1da00000,10
15848092794275,03600000,1d600000,11
15848093004299,06200000,1e000000,11
15848093385874,06a00000,1c800000,11
15848093610846,07000000,1ac00000,11
15848094219217,07200000,1bc00000,11
15848094430584,cyclic_thrashing_detected,47
15848094430995,08200000,1d800000,11
15848094973943,08400000,1a400000,11
15848095208714,06c00000,1dc00000,11
15848095673626,03000000,1c200000,12
15848095958039,03200000,19a00000,12
15848096430125,07e00000,1ba00000,11
15848096643144,02600000,1a600000,12
15848097369797,03400000,72e00000,12
15848097693805,03800000,1ce00000,12
15848098288701,07800000,1b000000,11
15848098513733,03a00000,1e200000,12
15848099112556,02800000,1c600000,12
15848099359760,04600000,1a200000,12
15848099891728,07a00000,1cc00000,11
15848100172835,04800000,1ca00000,12
15848100855486,0ba00000,1e000000,2
15848101054860,06e00000,1d400000,12
15848101629568,03c00000,1a800000,12
15848102145085,06400000,1aa00000,12
15848102816975,06200000,1ac00000,12
15848103330558,07c00000,1d600000,11
15848103923901,03600000,1c800000,12
15848104343719,07000000,1d800000,12
15848105033994,06000000,1da00000,12
15848105534472,06a00000,1bc00000,12
15848106078523,07200000,1a400000,12
15848106620840,02600000,72e00000,13
15848107027383,cyclic_thrashing_detected,47
15848107027804,06c00000,1c200000,12
15848107544974,08200000,1dc00000,12
15848108054369,03000000,1ba00000,13
15848108565809,08400000,19a00000,12
15848109089591,07e00000,1ce00000,12
15848109491134,03200000,1a600000,13
15848110025627,03800000,1e200000,13
15848110623589,02800000,1cc00000,13
15848111100022,03400000,1b000000,13
15848111679449,04600000,1ca00000,13
15848112172795,07800000,1a200000,12
15848112724439,04800000,1e000000,13
15848113157221,03a00000,1c600000,13
15848113591586,03c00000,1aa00000,13
15848114068881,06400000,1ac00000,13
15848114675118,06e00000,1a800000,13
15848115137826,07a00000,1d400000,12
15848115630911,06200000,1d600000,13
15848116038957,07c00000,1c800000,12
15848116681562,03600000,1d800000,13
15848117089046,07000000,1da00000,13
15848117678993,06000000,1bc00000,13
15848118167199,06a00000,1a400000,13
15848118512977,07200000,72e00000,13
15848118938626,0bc00000,1c000000,1
15848119165952,02600000,1c200000,14
15848119643167,cyclic_thrashing_detected,47
15848119643598,06c00000,1dc00000,13
15848120212796,08200000,1ba00000,13
15848120733402,08400000,1ce00000,13
15848121241135,07e00000,1a600000,13
15848121707289,03000000,19a00000,14
15848122220642,03200000,1e200000,14
15848122833011,02800000,1b000000,14
15848123402339,03400000,1ca00000,14
15848123971256,03800000,1cc00000,14
15848124462948,04600000,1a200000,14
15848124936687,07800000,1e000000,13
15848125408171,04800000,1c600000,14
15848125887901,03a00000,1aa00000,14
15848126364866,03c00000,1ac00000,14
15848126925087,06400000,1a800000,14
15848127496418,06e00000,1d400000,14
15848127950660,06200000,1c800000,14
15848128359046,07a00000,1d600000,13
15848128998837,03600000,1da00000,14
15848129399047,07c00000,1d800000,13
15848129991879,06000000,1a400000,14
15848130407960,06a00000,1c000000,14
15848131041408,02600000,1dc00000,15
15848131442841,07000000,1bc00000,14
15848131995568,06c00000,1ba00000,14
15848132499794,cyclic_thrashing_detected,47
15848132500244,08200000,1ce00000,14
15848132980325,07e00000,19a00000,14
15848133489119,08400000,1a600000,14
15848133934855,03000000,1e200000,15
15848134334555,07200000,1c200000,14
15848134934130,02800000,1ca00000,15
15848135412347,03200000,1b000000,15
15848135949535,03400000,1cc00000,15
15848136470812,04600000,1e000000,15
15848136975118,03800000,1a200000,15
15848137452744,07800000,1c600000,14
15848137935289,04800000,1aa00000,15
15848138255851,03a00000,1ac00000,15
15848138674155,03c00000,1a800000,15
15848138919536,06400000,1d400000,15
15848139433540,0be00000,72e00000,1
15848139655496,06e00000,1c800000,15
15848140215457,06200000,1d600000,15
15848140430700,07a00000,1da00000,14
15848140879382,03600000,1d800000,15
15848141129040,06000000,1c000000,15
15848141555650,06a00000,1dc00000,15
15848141822451,07c00000,1a400000,14
15848142499481,02600000,1bc00000,16
15848142739150,06c00000,1ce00000,15
15848143146074,07000000,1ba00000,15
15848143394670,cyclic_thrashing_detected,47
15848143395061,07e00000,1a600000,15
15848143987783,08200000,19a00000,15
15848144224817,08400000,1e200000,15
15848144788054,02800000,1b000000,16
15848145002626,07200000,1ca00000,15
15848145441119,03000000,1c200000,16
15848145750128,03200000,1cc00000,16
15848146385019,03400000,1e000000,16
15848146597658,03800000,1c600000,16
15848147155174,04600000,1a200000,16
15848147368344,07800000,1aa00000,15
15848147825451,0be00000,1da00000,2
15848148012532,04800000,1d400000,16
15848148614862,03a00000,1a800000,16
15848149203977,03c00000,72e00000,16
15848149842345,06400000,1c800000,16
15848150752732,06200000,1d800000,16
15848151347057,06e00000,1d600000,16
15848151841965,06000000,1a400000,16
15848152254950,07a00000,1c000000,15
15848152905100,07c00000,1ce00000,15
15848153335908,03600000,1dc00000,16
15848153756376,06a00000,1bc00000,16
15848154410253,06c00000,1a600000,16
15848154887087,07e00000,1e200000,16
15848155424495,02600000,1ba00000,17
15848155844092,02800000,1c200000,17
15848156476178,03200000,1c600000,17
15848157078999,08200000,1b000000,16
15848157621036,08400000,1ca00000,16
15848158094644,07000000,19a00000,16
15848158514462,03400000,1a200000,17
15848159043093,07200000,1cc00000,16
15848159574740,03000000,1e000000,17
15848159991863,03800000,1aa00000,17
15848160582260,07800000,1d400000,16
15848161157740,03a00000,72e00000,17
15848161560245,03c00000,1c800000,17
15848162027732,04600000,1da00000,17
15848162501060,04800000,1a800000,17
15848163055269,06200000,1d600000,17
15848163585313,06400000,1d800000,17
15848164032332,06e00000,1a400000,17
15848164525747,06000000,1c000000,17
15848164913314,07a00000,1ce00000,16
15848165300130,07c00000,1dc00000,16
15848165716441,0c000000,1ac00000,1
15848165929360,06a00000,1a600000,17
15848166349879,03600000,1bc00000,17
15848166910270,06c00000,1e200000,17
15848167522128,02600000,1c200000,18
15848168063393,07e00000,1ba00000,17
15848168672746,03200000,1b000000,18
15848169104226,02800000,1c600000,18
15848169659487,08200000,1ca00000,17
15848170272377,08400000,19a00000,17
15848170723553,03400000,1cc00000,18
15848171194156,07000000,1a200000,17
15848171735892,03000000,1aa00000,18
15848172306362,07200000,1e000000,17
15848172798866,03800000,1d400000,18
15848173215918,03a00000,1c800000,18
15848173715976,07800000,72e00000,17
15848174328205,03c00000,1da00000,18
15848174794780,04800000,1d600000,18
15848175235957,04600000,1a800000,18
15848175793553,06200000,1d800000,18
15848176351861,06400000,1a400000,18
15848176828104,06e00000,1c000000,18
15848177268089,06000000,1ce00000,18
15848177688057,06a00000,1bc00000,18
15848178310314,07a00000,1ac00000,17
15848178814079,07c00000,1a600000,17
15848179296154,03600000,1e200000,18
15848179699340,06c00000,1c200000,18
15848180366141,02600000,1ba00000,19
15848180777783,03200000,1c600000,19
15848181298540,07e00000,1b000000,18
15848181843873,02800000,1ca00000,19
15848182304356,08200000,19a00000,18
15848182940810,08400000,1cc00000,18
15848183408818,03400000,1a200000,19
15848183817334,07000000,1aa00000,18
15848184272117,03000000,1e000000,19
15848184732832,07200000,1d400000,18
15848185322177,03800000,1c800000,19
15848185745000,07800000,1da00000,18
15848186101299,03a00000,72e00000,19
15848186549519,0c200000,1dc00000,1
15848186800480,04800000,1a800000,19
15848187276453,03c00000,1d600000,19
15848187507146,04600000,1d800000,19
15848187943454,06400000,1c000000,19
15848188155662,06200000,1a400000,19
15848188646603,06e00000,1ce00000,19
15848188854463,06000000,1bc00000,19
15848189334694,06a00000,1ac00000,19
15848189564124,07a00000,1a600000,18
15848190101141,07c00000,1e200000,18
15848190364165,06c00000,1ba00000,19
15848190897345,02600000,1c600000,20
15848191150269,03600000,1c200000,19
15848191566340,03200000,1b000000,20
15848191781814,02800000,19a00000,20
15848192506313,07e00000,1ca00000,19
15848192717559,03400000,1aa00000,20
15848193292337,08200000,1cc00000,19
15848193558537,08400000,1a200000,19
15848194058795,07000000,1e000000,19
15848194284468,03000000,1d400000,20
15848194717972,07200000,1c800000,19
15848195027262,0c200000,1d800000,2
15848195524855,03a00000,1dc00000,20
15848196106336,03800000,1da00000,20
15848196796240,03c00000,1c000000,20
15848197407937,04800000,1d600000,20
15848197916271,07800000,1a800000,19
15848198474989,06400000,1bc00000,20
15848198964106,04600000,1a400000,20
15848199404212,06e00000,1a600000,20
15848199864806,07a00000,1ba00000,19
15848200388298,06200000,1ce00000,20
15848200811802,06000000,1ac00000,20
15848201316148,02600000,1b000000,21
15848201903069,06a00000,1e200000,20
15848202448933,06c00000,1c600000,20
15848202907684,07c00000,1c200000,19
15848203347909,03600000,19a00000,20
15848203750254,02800000,1ca00000,21
15848204217951,07e00000,1a200000,20
15848204780046,cyclic_thrashing_detected,47
15848204780597,08400000,1d400000,20
15848205270776,03200000,1aa00000,21
15848205713898,03400000,1cc00000,21
15848206329582,08200000,1e000000,20
15848206881127,03000000,1c800000,21
15848207430528,03800000,1c000000,21
15848208135039,07000000,1d800000,20
15848208783966,07200000,1dc00000,20
15848209451639,03a00000,1da00000,21
15848209954492,03c00000,1d600000,21
15848210589523,04800000,1a800000,21
15848211258598,07800000,1bc00000,20
15848211884532,04600000,1a600000,21
15848212356718,06e00000,1ba00000,21
15848212837831,06400000,1a400000,21
15848213208305,0c400000,72e00000,1
15848213787993,06200000,1ac00000,21
15848214194325,07a00000,1ce00000,20
15848214699422,06000000,1b000000,21
15848215052204,02600000,1e200000,22
15848215561780,06a00000,1c600000,21
15848215922096,06c00000,1c200000,21
15848216802137,07c00000,19a00000,20
15848217124361,02800000,1a200000,22
15848217666708,03600000,1ca00000,21
15848218082809,07e00000,1d400000,21
15848218659020,cyclic_thrashing_detected,47
15848218660012,08400000,1aa00000,21
15848219041688,03200000,1cc00000,22
15848219560922,03400000,1e000000,22
15848220070187,08200000,1c800000,21
15848220594811,03000000,1c000000,22
15848220990483,03800000,1d800000,22
15848221530326,07000000,1dc00000,21
15848221851879,07200000,1da00000,21
15848222634026,03a00000,1d600000,22
15848222845092,03c00000,1a800000,22
15848223492486,04800000,1bc00000,22
15848223704133,07800000,1a600000,21
15848224199242,0c400000,1ce00000,2
15848224401041,04600000,1a400000,22
15848224876482,06e00000,72e00000,22
15848225620468,06400000,1ac00000,22
15848226166592,02600000,1c600000,23
15848226710833,06200000,1b000000,22
15848227387372,06000000,1c200000,22
15848227954346,07a00000,1e200000,21
15848228505780,03600000,1aa00000,22
15848228950484,06a00000,19a00000,22
15848229683189,06c00000,1a200000,22
15848230185381,07e00000,1cc00000,22
15848230679117,02800000,1ca00000,23
15848231083856,07c00000,1d400000,21
15848231723005,cyclic_thrashing_detected,47
15848231723476,08400000,1c800000,22
15848232210439,03200000,1e000000,23
15848232612053,03800000,1da00000,23
15848233210866,07200000,1a800000,22
15848233753053,08200000,1d800000,22
15848234246529,03400000,1c000000,23
15848234734564,03a00000,1bc00000,23
15848235259689,03c00000,1a600000,23
15848235862780,07000000,1d600000,22
15848236378568,03000000,1dc00000,23
15848236789789,07800000,1a400000,22
15848237351262,04800000,1ce00000,23
15848237794083,06e00000,1ac00000,23
15848238303479,06400000,1c600000,23
15848238853110,02600000,1b000000,24
15848239356684,04600000,72e00000,23
15848239923968,06000000,1e200000,23
15848240459874,06200000,1c200000,23
15848240902163,07a00000,1aa00000,22
15848241396811,03600000,19a00000,23
15848241798935,06a00000,1a200000,23
15848242204155,06c00000,1cc00000,23
15848242604647,0c600000,1ba00000,1
15848242825371,07c00000,1c800000,22
15848243304590,07e00000,1ca00000,23
15848243773910,03200000,1da00000,24
15848244189119,03800000,1a800000,24
15848244710036,08400000,1e000000,23
15848245325681,02800000,1d400000,24
15848245766137,07200000,1d800000,23
15848246419813,03400000,1bc00000,24
15848246887290,08200000,1c000000,23
15848247445307,03a00000,1a600000,24
15848247910379,03c00000,1d600000,24
15848248461904,07000000,1dc00000,23
15848248985566,03000000,1a400000,24
15848249460026,07800000,1ce00000,23
15848250088855,06e00000,1c600000,24
15848250516147,04800000,1ac00000,24
15848251067912,06400000,1b000000,24
15848251544496,02600000,72e00000,25
15848252057148,04600000,1e200000,24
15848252668254,06000000,1c200000,24
15848253267488,06200000,1aa00000,24
15848253703516,03600000,1a200000,24
15848254213132,06a00000,1ba00000,24
15848254765257,07a00000,19a00000,23
15848255248834,06c00000,1c800000,24
15848255725218,07c00000,1ca00000,23
15848256258348,03200000,1a800000,25
15848256662216,07e00000,1da00000,24
15848257297718,03800000,1e000000,25
15848257722875,08400000,1d400000,24
15848258272186,02800000,1d800000,25
15848258683487,03400000,1c000000,25
15848259302448,07200000,1bc00000,24
15848259803378,08200000,1a600000,24
15848260313835,03a00000,1d600000,25
15848260728924,03c00000,1dc00000,25
15848261197323,07000000,1a400000,24
15848261742896,03000000,1ce00000,25
15848262289561,07800000,1c600000,24
15848262852978,04800000,1b000000,25
15848263267005,06e00000,1ac00000,25
15848263829931,0c800000,1cc00000,1
15848265012078,02600000,1e200000,26
15848265632081,06400000,72e00000,25
15848266341021,04600000,1c200000,25
15848267006459,06000000,1aa00000,25
15848267680764,03600000,1ba00000,25
15848268309283,06200000,1a200000,25
15848269236933,06a00000,19a00000,25
15848269884127,cyclic_thrashing_detected,47
15848269884848,06c00000,1ca00000,25
