15846079065261,60000000,19200000,1
15846079461665,60c00000,19e00000,1
15846079872275,60200000,19400000,1
15846080319894,60400000,19600000,1
15846080837676,61a00000,1ac00000,1
15846081354686,61c00000,1b000000,1
15846081842591,61e00000,1b200000,1
15846082355984,60800000,19a00000,1
15846082756635,60a00000,19c00000,1
15846083315724,60e00000,1a000000,1
15846083838955,61000000,1a200000,1
15846084354232,61200000,1a400000,1
15846084836657,61400000,1a600000,1
15846085287192,61600000,1a800000,1
15846085756192,62000000,1b400000,1
15846086213339,60600000,19800000,1
15846086633748,61800000,1aa00000,1
15846087213385,64000000,1c200000,1
15846087963853,64200000,1c400000,1
15846088679846,64400000,1c600000,1
15846089493963,64a00000,1ca00000,1
15846090252085,64c00000,1cc00000,1
15846090951968,65a00000,1c000000,1
15846091657401,65c00000,1d200000,1
15846092381029,65e00000,1d400000,1
15846093079098,62200000,1b600000,1
15846093495239,64800000,1da00000,1
15846094389556,64e00000,1ba00000,1
15846095280067,65000000,1bc00000,1
15846095977334,65200000,1be00000,1
15846096683289,65400000,1ce00000,1
15846097402638,65600000,1d000000,1
15846098090739,66000000,1d600000,1
15846099191754,64600000,1c800000,1
15846100096331,65800000,1dc00000,1
15846100911470,66200000,1d800000,1
15846101679771,68000000,19000000,1
15846102467428,68200000,1de00000,1
15846103305651,68400000,1e000000,1
15846104135487,68600000,1e200000,1
15846104973539,68800000,1e400000,1
15846105840526,68a00000,72c00000,1
15846106681794,68c00000,72e00000,1
15846107611718,68e00000,73000000,1
