15959220324897,4b600000,1d800000,1
15959220742200,4fe00000,3ba00000,1
15959221156497,50c00000,5b200000,1
15959221577316,5aa00000,3fc00000,1
15959222190847,46600000,5f000000,1
15959222770835,58e00000,49000000,1
15959223380148,46400000,41200000,1
15959223782312,69e00000,4f000000,1
15959224527059,6ac00000,61a00000,1
15959225082150,74a00000,52000000,1
15959225726569,4ae00000,1d000000,1
15959225932916,60600000,64c00000,1
15959226585140,48a00000,52800000,1
15959227224619,72e00000,5d200000,1
15959227692777,60400000,54600000,1
15959228383663,64e00000,4cc00000,1
15959228850539,53e00000,5bc00000,1
15959229265527,49c00000,42200000,1
15959229717024,4aa00000,5f400000,1
15959230156879,52a00000,44000000,1
15959230642320,62a00000,5e800000,1
15959231482336,52c00000,44200000,1
15959231957367,55a00000,53200000,1
15959232178782,5a200000,5e200000,1
15959232741297,6de00000,62200000,1
15959233202352,44400000,1aa00000,1
15959233811585,50e00000,43a00000,1
15959234296955,63c00000,55800000,1
15959235049587,42400000,19200000,1
15959235301500,44600000,1ac00000,1
15959235704566,64a00000,65200000,1
15959236163667,76000000,19000000,1
15959236743154,44800000,1b000000,1
15959237544968,59200000,5c600000,1
15959238095921,5a400000,3f800000,1
15959238741292,74200000,65c00000,1
15959239396170,53400000,44800000,1
15959239841345,56200000,45600000,1
15959240396377,5e400000,4aa00000,1
15959240885865,6cc00000,57400000,1
15959241714439,6fa00000,60a00000,1
15959242367995,5c400000,49200000,1
15959243138230,6ae00000,56c00000,1
15959243879670,6ca00000,57200000,1
15959245340280,49000000,41e00000,1
15959245559912,4bc00000,52e00000,1
15959246084336,53200000,3cc00000,1
15959246563575,56c00000,53400000,1
15959247013148,58200000,5c400000,1
15959247763416,5e600000,4ac00000,1
15959248484178,5e800000,4ae00000,1
15959249313954,74400000,51e00000,1
15959249989120,48200000,1c000000,1
15959250222809,49600000,1c800000,1
15959250794030,4ac00000,52c00000,1
15959251002531,4c600000,42a00000,1
15959251655055,51000000,5b400000,1
15959251863887,54e00000,3d800000,1
15959252417606,56600000,62c00000,1
15959252903547,57000000,3e400000,1
15959253872665,6d400000,57a00000,1
15959254354619,70200000,58600000,1
15959255282089,73200000,64400000,1
15959255901841,47e00000,52600000,1
15959256293236,4f600000,3b600000,1
15959256569103,49e00000,5a200000,1
15959257111961,69600000,4ea00000,1
15959257598193,46200000,5da00000,1
15959258069127,4b000000,1d200000,1
15959258352118,51200000,3c000000,1
15959258816369,59400000,53600000,1
15959259296409,5c800000,49600000,1
15959260157775,63000000,5cc00000,1
15959260617687,65c00000,60800000,1
15959261314384,6d200000,50000000,1
15959261766823,70c00000,5ec00000,1
15959262672903,72200000,62600000,1
15959263428390,43a00000,1a400000,1
15959263649494,57a00000,3e800000,1
15959264107093,62200000,55000000,1
15959264774705,64c00000,60600000,1
15959265502791,66600000,56200000,1
15959266250213,6b000000,61c00000,1
15959266945507,6ee00000,50a00000,1
15959267444112,70600000,66a00000,1
15959267909455,71000000,47a00000,1
15959268729844,42800000,19600000,1
15959268961398,44c00000,1b200000,1
15959269346972,44e00000,1b400000,1
15959270174915,47a00000,5f200000,1
15959270794166,48800000,5a000000,1
15959271098677,4c200000,48a00000,1
15959271833095,55600000,3da00000,1
15959272044942,5ac00000,3fe00000,1
15959272505516,61e00000,5e600000,1
15959273270692,63600000,4c600000,1
15959274163767,71e00000,51600000,1
15959274705483,72800000,59000000,1
15959275170916,47000000,41400000,1
15959275805316,4d000000,64800000,1
15959276017684,4ec00000,5aa00000,1
15959276416202,58000000,3ee00000,1
15959276653958,5ae00000,40000000,1
15959276860185,60200000,63200000,1
15959277790690,65000000,4ce00000,1
15959278255502,6b200000,47200000,1
15959279171751,73400000,60c00000,1
15959279646181,4f200000,5ae00000,1
15959280071629,51a00000,3c400000,1
15959280295849,56000000,45400000,1
15959280603767,71a00000,47c00000,1
15959281262833,43200000,40200000,1
15959281749576,43600000,1a200000,1
15959282015325,4de00000,67200000,1
15959282262158,57c00000,3ea00000,1
15959282928377,5da00000,4a400000,1
15959283424618,5ee00000,4b000000,1
15959284350074,61a00000,65000000,1
15959285039738,62800000,63600000,1
15959285506784,63e00000,61200000,1
15959286342161,66200000,5ce00000,1
15959286855464,6f600000,50e00000,1
15959287332088,74c00000,52200000,1
15959288257293,45200000,40800000,1
15959288491493,4a800000,42600000,1
15959288981352,4b400000,1d600000,1
15959289751246,4b800000,1da00000,1
15959289958875,4c400000,1de00000,1
15959290271842,4ce00000,1e400000,1
15959290746693,54600000,3d200000,1
15959291179966,56e00000,3e200000,1
15959291406581,57600000,5e000000,1
15959292137582,58800000,45c00000,1
15959292799904,61000000,54800000,1
15959293595617,67000000,66e00000,1
15959294100774,68c00000,61400000,1
15959295125887,72000000,51800000,1
15959295824648,74e00000,48400000,1
15959296284811,4c000000,1dc00000,1
15959296840163,52200000,3c800000,1
15959297453253,56a00000,3e000000,1
15959297893769,58600000,3f000000,1
15959298491791,59600000,5c800000,1
15959298732152,67e00000,67400000,1
15959299567309,69200000,63c00000,1
15959300482555,6ba00000,4f800000,1
15959300983245,70000000,58400000,1
15959301438909,4a000000,42400000,1
15959302042902,4dc00000,5a800000,1
15959302255701,50800000,43800000,1
15959302468521,55e00000,5c000000,1
15959302847792,57e00000,3ec00000,1
15959303741128,5d200000,53a00000,1
15959304480314,5d600000,4a200000,1
15959305227476,65600000,4d200000,1
15959305732593,70e00000,58a00000,1
15959306751655,71600000,65800000,1
15959307843864,71c00000,51400000,1
15959308892981,43000000,19e00000,1
15959309133402,48e00000,48800000,1
15959309562287,4a400000,1cc00000,1
15959310134771,4ca00000,5a600000,1
15959310560449,52600000,5fa00000,1
15959310837228,53800000,5ba00000,1
15959311346644,5f200000,4b200000,1
15959311850419,64000000,55a00000,1
15959312310061,65400000,55e00000,1
15959313015545,65800000,4d400000,1
15959313714285,66400000,4d800000,1
15959314653116,66e00000,46e00000,1
15959315118209,6e600000,50600000,1
15959315583562,6e800000,47600000,1
15959316290648,72600000,51a00000,1
15959316748046,42000000,5d400000,1
15959317207398,45e00000,41000000,1
15959317744144,48c00000,52a00000,1
15959318422066,4e000000,3ae00000,1
15959318634995,53c00000,3ce00000,1
15959319412524,57800000,3e600000,1
15959319635652,58400000,5fe00000,1
15959319916910,58a00000,3f200000,1
15959320443197,64800000,55c00000,1
15959320913069,66000000,4d600000,1
15959321388140,67c00000,63a00000,1
15959322391512,6c200000,4fc00000,1
15959323187615,70a00000,58800000,1
15959323721687,73600000,62800000,1
15959324196377,45000000,48600000,1
15959324409667,45400000,5d800000,1
15959324877725,46e00000,1ba00000,1
15959325088120,49a00000,42000000,1
15959326159901,4a200000,5a400000,1
15959326367079,4d600000,3aa00000,1
15959326709942,50000000,3bc00000,1
15959327260615,50200000,65e00000,1
15959327494113,55000000,45000000,1
15959327708946,55200000,45200000,1
15959328008378,5d000000,49e00000,1
15959328727888,5fe00000,54400000,1
15959329182631,62e00000,5ca00000,1
15959330154544,66a00000,63800000,1
15959330660913,6a800000,4f600000,1
15959331129442,6d800000,62000000,1
15959331612168,6fe00000,64000000,1
15959332440171,44200000,1a800000,1
15959332668970,45800000,40c00000,1
15959332882531,46c00000,5dc00000,1
15959333096312,47c00000,41a00000,1
15959333505589,4ee00000,5ac00000,1
15959333995178,56800000,3de00000,1
15959334789718,57200000,45800000,1
15959335217501,5a600000,3fa00000,1
15959335437263,5c000000,62e00000,1
15959336351728,64400000,4c800000,1
15959336812472,6c600000,66800000,1
15959337288626,6dc00000,50200000,1
15959337744381,52e00000,44400000,1
15959338396684,58c00000,45e00000,1
15959338997281,59800000,3f400000,1
15959339205211,5a000000,46200000,1
15959340155233,5f000000,54000000,1
15959341112058,5f400000,64a00000,1
15959341764511,60e00000,4bc00000,1
15959342567107,62c00000,60200000,1
15959343024034,63a00000,55600000,1
15959343529743,64200000,60400000,1
15959344044518,67600000,4de00000,1
15959344784476,6f000000,58200000,1
15959345569799,6f200000,50c00000,1
15959346027979,71800000,51200000,1
15959346810006,72400000,65a00000,1
15959347626617,5de00000,53c00000,1
15959348585727,5e200000,4a800000,1
15959349055187,5f800000,4b600000,1
15959349524698,61c00000,54e00000,1
15959350911780,68000000,47000000,1
15959351418731,68e00000,61600000,1
15959351992988,6a000000,4f200000,1
15959352678844,6a200000,67000000,1
15959353148265,70800000,51000000,1
15959353880418,72a00000,51c00000,1
15959354446169,73800000,47e00000,1
15959355117298,74000000,59600000,1
15959355586979,74600000,48200000,1
15959356046261,43800000,5d600000,1
15959356567348,47800000,1bc00000,1
15959357039394,4f000000,3b400000,1
15959357685406,51400000,5f800000,1
15959358098220,60c00000,64e00000,1
15959358590844,6ce00000,57600000,1
15959359184037,71200000,58c00000,1
15959360014995,72c00000,59200000,1
15959360515033,44a00000,40600000,1
15959361024729,48000000,1be00000,1
15959361309153,4e400000,3b000000,1
15959361976284,52400000,3ca00000,1
15959362182611,43c00000,64600000,1
15959362494937,6b400000,65600000,1
15959362973204,42a00000,19800000,1
15959363638242,46a00000,59c00000,1
15959363863665,4ea00000,3b200000,1
15959364082595,50a00000,48c00000,1
15959364306896,51600000,43c00000,1
15959364589015,51800000,3c200000,1
15959365369089,53600000,44a00000,1
15959365575766,57400000,45a00000,1
15959365783536,59000000,46000000,1
15959366264328,5d800000,63000000,1
15959366779644,5dc00000,66c00000,1
15959367545291,69000000,4e800000,1
15959368024930,6c400000,4fe00000,1
15959368865878,44000000,1a600000,1
15959369260348,47600000,41800000,1
15959369542717,48600000,1c200000,1
15959370357205,49400000,1c600000,1
15959370579743,4f400000,5b000000,1
15959371459232,4fa00000,5f600000,1
15959371776888,54c00000,3d600000,1
15959372506006,56400000,5c200000,1
15959372725768,5a800000,46400000,1
15959372970377,5ea00000,53e00000,1
15959373667034,68400000,4e400000,1
15959374860863,68a00000,4e600000,1
15959375346544,6b800000,47400000,1
15959375811126,42c00000,19a00000,1
15959376149430,4d800000,42e00000,1
15959376775735,51e00000,3c600000,1
15959377071420,53a00000,44c00000,1
15959377604319,5e000000,4a600000,1
15959378082987,60a00000,61000000,1
15959378721775,61800000,4be00000,1
15959379311371,69a00000,66600000,1
15959380392960,6aa00000,56a00000,1
15959380862160,6b600000,56e00000,1
15959381355796,6d600000,57c00000,1
15959382040541,71400000,58e00000,1
15959382793583,73000000,59400000,1
15959383568306,49200000,1c400000,1
15959383819688,54000000,44e00000,1
15959384461772,59c00000,60000000,1
15959384780270,5cc00000,49a00000,1
15959385756601,62600000,4c200000,1
15959386638706,63400000,55400000,1
15959387112795,67800000,4e000000,1
15959388100498,69400000,61800000,1
15959388705583,6ec00000,50800000,1
15959389404885,70400000,64200000,1
15959389858055,74800000,59800000,1
15959390737134,51c00000,5b600000,1
15959390955303,55c00000,3dc00000,1
15959391481971,6da00000,57e00000,1
15959391945991,46000000,1b800000,1
15959392228852,49800000,1ca00000,1
15959392448303,4ba00000,62a00000,1
15959392839327,4cc00000,1e200000,1
15959393046996,4da00000,3ac00000,1
15959393907891,4e600000,5de00000,1
15959394335002,61600000,54c00000,1
15959395097803,6be00000,4fa00000,1
15959395571822,6e000000,58000000,1
15959396657569,73c00000,66400000,1
15959397131298,4be00000,42800000,1
15959397531548,4fc00000,43400000,1
15959397736844,47200000,41600000,1
15959398342169,47400000,59e00000,1
15959398561931,4c800000,1e000000,1
15959398940872,50400000,3be00000,1
15959399529967,52000000,5b800000,1
15959399740883,59e00000,53800000,1
15959399983888,63200000,4c400000,1
15959400613810,63800000,46800000,1
15959401262868,66c00000,46c00000,1
15959402070713,68600000,65400000,1
15959402550433,6bc00000,63e00000,1
15959403431616,6fc00000,47800000,1
15959404677873,42600000,19400000,1
15959404892857,4e800000,43200000,1
15959405112318,54400000,5fc00000,1
15959405326029,5ec00000,46600000,1
15959406185952,60000000,4ba00000,1
15959406703293,65a00000,66000000,1
15959407232435,65e00000,56000000,1
15959407735709,66800000,46a00000,1
15959408236669,67a00000,4e200000,1
15959408986536,69c00000,4ee00000,1
15959409903546,73e00000,5ee00000,1
15959410373748,45c00000,40e00000,1
15959410999141,61400000,63400000,1
15959411474282,42200000,59a00000,1
15959412048148,46800000,52400000,1
15959412301724,4b200000,1d400000,1
15959412678531,59a00000,3f600000,1
15959413312550,6a400000,4f400000,1
15959413926472,6c000000,61e00000,1
15959414418284,6e400000,66200000,1
15959414987983,42e00000,19c00000,1
15959416038624,45600000,40a00000,1
15959416276099,4d400000,3a800000,1
15959416482496,5c200000,60e00000,1
15959417204350,5c600000,49400000,1
15959417704028,5fc00000,54200000,1
15959418596001,60800000,5e400000,1
15959419170218,61200000,54a00000,1
15959419640710,62000000,4c000000,1
15959420112556,73a00000,48000000,1
15959421055865,45a00000,1b600000,1
15959421695435,52800000,43e00000,1
15959422681835,54200000,3d000000,1
15959423153289,54800000,3d400000,1
15959423427574,55400000,48e00000,1
15959423975251,5ca00000,49800000,1
15959424670996,5ce00000,49c00000,1
15959425220206,5f600000,4b400000,1
15959425683255,65200000,4d000000,1
15959426179376,67200000,4da00000,1
15959426972934,67400000,4dc00000,1
15959427488782,43e00000,40400000,1
15959427748479,4f800000,3b800000,1
15959428243197,55800000,5be00000,1
15959428483488,5fa00000,4b800000,1
15959429028720,6c800000,57000000,1
15959429520703,6e200000,50400000,1
15959430027183,6f400000,5d000000,1
15959430710144,48400000,41c00000,1
15959431282087,4a600000,1ce00000,1
15959431523129,69800000,4ec00000,1
15959432225547,6f800000,62400000,1
15959432967829,43400000,1a000000,1
15959433230923,4d200000,42c00000,1
15959433450695,68800000,56600000,1
15959434204429,4e200000,43000000,1
15959435188966,50600000,43600000,1
15959435480082,62400000,55200000,1
15959436014564,64600000,4ca00000,1
15959436515304,5d400000,4a000000,1
15959437162267,68200000,56400000,1
15959437621699,76200000,67600000,1
15959437840038,6a600000,56800000,1
15959438599794,53000000,44600000,1
15959438856315,54a00000,53000000,1
15959439171997,6d000000,57800000,1
15959439970886,6ea00000,5ea00000,1
15959440432551,76400000,67800000,1
15959440868269,76600000,67a00000,1
15959441849730,76800000,67c00000,1
15959442450437,76a00000,67e00000,1
15959444123645,76c00000,68000000,1
15959451007107,76e00000,68200000,1
15959455289340,77000000,68400000,1
15959456180501,77200000,68600000,1
15959457036066,77400000,68800000,1
15959457893555,77600000,68a00000,1
15959458753858,77800000,68c00000,1
15959459613270,77a00000,68e00000,1
15959460493812,77c00000,69000000,1
15959461359326,77e00000,69200000,1
15959462193190,78000000,69400000,1
15959463048494,78200000,69600000,1
15959463937732,78400000,69800000,1
15959464781214,78600000,69a00000,1
15959465617974,78800000,69c00000,1
15959466629361,78a00000,69e00000,1
15959467478995,78c00000,6a000000,1
15959468321024,78e00000,6a200000,1
15959469167602,79000000,6a400000,1
15959470028718,79200000,6a600000,1
15959470844137,79400000,6a800000,1
15959471674936,79600000,6aa00000,1
15959472498029,79800000,6ac00000,1
15959473342343,79a00000,6ae00000,1
15959474182790,79c00000,6b000000,1
15959475037403,79e00000,6b200000,1
15959476065581,7a000000,6b400000,1
15959476954990,7a200000,6b600000,1
15959477780809,7a400000,6b800000,1
15959478601408,7a600000,6ba00000,1
15959479438769,7a800000,6bc00000,1
15959480276650,7aa00000,6be00000,1
15959481081911,7ac00000,6c000000,1
15959481923630,7ae00000,6c200000,1
15959482742326,7b000000,6c400000,1
15959483575188,7b200000,6c600000,1
15959484431845,7b400000,6c800000,1
15959485275547,7b600000,6ca00000,1
15959486103851,7b800000,6cc00000,1
15959486948696,7ba00000,6ce00000,1
15959487779534,7bc00000,6d000000,1
15959488602668,7be00000,6d200000,1
15959489421524,7c000000,6d400000,1
15959490606016,7c200000,6d600000,1
15959491883663,7c400000,6d800000,1
15959492966394,7c600000,6da00000,1
15959494003138,7c800000,6dc00000,1
15959495028492,7ca00000,6de00000,1
15959496095002,7cc00000,6e000000,1
15959497123181,7ce00000,6e200000,1
15959498167099,7d000000,6e400000,1
15959499199856,7d200000,6e600000,1
15959500402953,7d400000,6e800000,1
15959501637870,7d600000,6ea00000,1
15959502809668,7d800000,6ec00000,1
15959504027482,7da00000,6ee00000,1
15959505238994,7dc00000,6f000000,1
15959506472268,7de00000,6f200000,1
15959507701403,7e000000,6f400000,1
15959508904640,7e200000,6f600000,1
15959510123908,7e400000,6f800000,1
15959511337915,7e600000,6fa00000,1
15959512542625,7e800000,6fc00000,1
15959513776579,7ea00000,6fe00000,1
15959514803005,7ec00000,70000000,1
15959515860127,7ee00000,70200000,1
15959516868319,7f000000,70400000,1
15959517888983,7f200000,70600000,1
15959518917402,7f400000,70800000,1
15959519934460,7f600000,70a00000,1
15959520957218,7f800000,70c00000,1
15959521981009,7fa00000,70e00000,1
15959522867652,7fc00000,71000000,1
15959523690025,7fe00000,71200000,1
15959524532936,80000000,71400000,1
15959525382740,80200000,71600000,1
15959526210923,80400000,71800000,1
15959527031462,80600000,71a00000,1
15959527867020,80800000,71c00000,1
15959528696165,80a00000,71e00000,1
15959529522144,80c00000,72000000,1
15959530351270,80e00000,72200000,1
15959531188681,81000000,72400000,1
15959532018317,81200000,72600000,1
15959532840729,81400000,72800000,1
15959533657802,81600000,72a00000,1
15959534489753,81800000,72c00000,1
15959535332714,81a00000,72e00000,1
15959536183369,81c00000,73000000,1
15959537013727,81e00000,73200000,1
15959537839205,82000000,73400000,1
15959538656118,82200000,73600000,1
15959539512394,4b600000,3ba00000,2
15959540010538,82400000,1d800000,1
15959540845935,4fe00000,5b200000,2
15959541227351,50c00000,3fc00000,2
15959541666425,5aa00000,5f000000,2
15959542095269,58e00000,41200000,2
15959542614713,82600000,52000000,1
15959543742238,46400000,4f000000,2
15959544146607,46600000,49000000,2
15959544614725,6ac00000,1d000000,2
15959545052446,74a00000,64c00000,2
15959545460652,69e00000,61a00000,2
15959545918040,60600000,52800000,2
15959546336825,44400000,19200000,2
15959546914098,48a00000,5d200000,2
15959547352530,4ae00000,54600000,2
15959547820498,60400000,4cc00000,2
15959548732489,64e00000,42200000,2
15959549205466,72e00000,5bc00000,2
15959549536677,49c00000,5f400000,2
15959549972976,52c00000,53200000,2
15959550355393,4aa00000,44200000,2
15959550577450,55a00000,62200000,2
15959551006755,63c00000,1ac00000,2
15959551220716,53e00000,44000000,2
15959551725213,64a00000,1b000000,2
15959551943983,44600000,19000000,2
15959552381834,50e00000,55800000,2
15959552810098,5a200000,1aa00000,2
15959553476277,44800000,5c600000,2
15959553897578,52a00000,5e800000,2
15959554455765,62a00000,5e200000,2
15959554994445,6de00000,43a00000,2
15959555600592,82800000,44800000,1
15959556270459,53400000,45600000,2
15959556799571,49000000,3cc00000,2
15959557249365,74200000,57400000,2
15959557845643,5a400000,65c00000,2
15959558480584,42400000,65200000,2
15959559275155,59200000,3f800000,2
15959560198777,6ca00000,52e00000,2
15959560604568,5c400000,41e00000,2
